9.280376345967912277e-01 -2.368390734037058519e+20 3.573330615425857618e+20 4.439792544357140398e+20 -7.237763369861484010e-10 1.679458991135306381e-09 2.497660259035657287e-09 0.000000000000000000e+00 0.000000000000000000e+00
9.280374850397594688e-01 -4.684610686907193754e+20 2.790347103273121219e+20 -2.890379660109320356e+20 -2.562135305223469127e-09 6.736249998431650439e-10 -1.601383903744193863e-09 0.000000000000000000e+00 0.000000000000000000e+00
9.280397209352700960e-01 -5.281340487758610432e+20 2.349272374814153769e+20 -2.162246088728027464e+20 -1.631447026636941700e-09 -2.729208013702759918e-10 -2.616616016963973831e-09 0.000000000000000000e+00 0.000000000000000000e+00
9.280412173924710295e-01 -5.320585152560237773e+20 -5.080963267436958515e+19 -3.085473966965532918e+20 -2.737924846550996287e-09 -6.930085576361920865e-10 -1.267407638773279470e-09 0.000000000000000000e+00 0.000000000000000000e+00
9.280392407549125089e-01 -5.839257708748383191e+20 -7.608155377356023398e+19 1.846707364198146376e+20 -2.238754728868001808e-09 -1.356377428487135000e-09 1.652571379309861664e-09 0.000000000000000000e+00 0.000000000000000000e+00
9.280390631792394540e-01 -4.890636332434415944e+20 3.567529597094645596e+20 1.200765794653531832e+20 -2.188643241488562344e-09 1.904480139929275878e-09 1.079614338142074646e-09 0.000000000000000000e+00 0.000000000000000000e+00
9.280408313191129688e-01 -4.174779045363896156e+20 4.520436345948112159e+20 -4.734809190685210214e+19 -1.243233391683798166e-09 2.731410880988050669e-09 7.593239157903943263e-10 0.000000000000000000e+00 0.000000000000000000e+00
9.280403229732926418e-01 -3.971102874034706842e+20 4.526011484825949962e+20 -1.353524102294717071e+20 -1.858235945653995065e-09 2.475434192397895115e-09 4.451637065479041825e-11 0.000000000000000000e+00 0.000000000000000000e+00
9.280361641245471471e-01 -6.784632612909835878e+19 6.086111726347954422e+20 -7.652483393931046093e+19 6.002394397491427706e-10 2.508223345071248954e-09 1.712086258647018429e-09 0.000000000000000000e+00 0.000000000000000000e+00
9.280387670659978605e-01 -3.143421028924351447e+20 5.280894623807564022e+20 -5.635157511116392038e+19 -7.959893230269956138e-12 3.095486854690211533e-09 2.574137395477726819e-11 0.000000000000000000e+00 0.000000000000000000e+00
9.280410364918429966e-01 -4.364356883266042593e+20 3.390545801228173967e+20 -2.746616105905072046e+20 -1.825102224552927615e-09 2.331175552681540913e-09 -9.041206367213825129e-10 0.000000000000000000e+00 0.000000000000000000e+00
9.280356300301314532e-01 7.296692495140311040e+19 5.695246435681902920e+20 2.262371320522935173e+20 1.327741289983602970e-09 1.640945741843251693e-09 2.264310093636090136e-09 0.000000000000000000e+00 0.000000000000000000e+00
9.280252742741302852e-01 2.599708783281914839e+20 5.445595711684208230e+20 -1.293359164467108741e+20 2.100065764601263450e-10 2.850223368093988125e-09 -1.189373864371020083e-09 0.000000000000000000e+00 0.000000000000000000e+00
9.280367451142605972e-01 -2.093107094802851430e+20 3.082096211767868129e+20 -4.920053703066218004e+20 -7.014887153821803849e-10 1.960377618813822539e-09 -2.290754518286281998e-09 0.000000000000000000e+00 0.000000000000000000e+00
9.280379755425949284e-01 -1.415141780273478042e+20 5.827533807057983898e+20 1.457159993932742164e+20 7.079330632259037191e-10 2.537084069028990283e-09 1.626279097882216229e-09 0.000000000000000000e+00 0.000000000000000000e+00
9.280374273163859433e-01 -4.739497379488016630e+20 3.818694025352440709e+20 1.020492027093073592e+20 -1.448366768857761097e-09 2.730514962982149149e-09 -1.710523825478271521e-10 0.000000000000000000e+00 0.000000000000000000e+00
9.280400456813959753e-01 -3.203988974669781402e+20 4.314482466863137423e+20 -3.034301423006299587e+20 -1.302373010390800746e-09 2.553656781773970070e-09 -1.168525923559932569e-09 0.000000000000000000e+00 0.000000000000000000e+00
9.280418802226662045e-01 -5.261798518044298445e+20 3.086923008437906309e+20 -9.336242975819857920e+19 -2.255994537688536569e-09 2.101153665970361045e-09 2.801268562895653662e-10 0.000000000000000000e+00 0.000000000000000000e+00
9.280390755256361368e-01 -2.766713442367310070e+20 3.427472000139874140e+20 4.322520885464102339e+20 -7.265779406500325559e-10 1.768252143116616773e-09 2.434777211680426847e-09 0.000000000000000000e+00 0.000000000000000000e+00
9.280356899741935006e-01 1.941862927873598423e+20 2.543663333716030915e+20 -5.276880169302363341e+20 1.855609746110829289e-09 1.789565117426900673e-09 -1.713729984422854240e-09 0.000000000000000000e+00 0.000000000000000000e+00
9.280409004743322976e-01 -4.186284486430320230e+20 4.128072616402393498e+20 1.876196685094551880e+20 -1.352983035347858803e-09 2.517497530153716215e-09 1.189307359756958337e-09 0.000000000000000000e+00 0.000000000000000000e+00
9.280395350161764201e-01 -2.290400048965679514e+20 5.461517757985475133e+20 -1.735412247535766733e+20 -1.626791759723015115e-10 2.999455306544954154e-09 -7.480535107735430564e-10 0.000000000000000000e+00 0.000000000000000000e+00
9.280281178630792605e-01 5.240686636156845425e+20 1.827079602498262794e+20 2.698788432930543043e+20 3.037801015504211734e-09 -4.698930056560795065e-10 3.653908549825565706e-10 0.000000000000000000e+00 0.000000000000000000e+00
9.280332781306698253e-01 -3.321605803895838474e+20 4.817641140882412667e+20 1.960735784965124588e+20 -5.452693474219670471e-10 2.365006440654242527e-09 1.921477911659574389e-09 0.000000000000000000e+00 0.000000000000000000e+00
9.280352677673275874e-01 1.784313318848280986e+20 5.554083769556160348e+20 -2.013779343680909804e+20 1.719291554517240400e-09 2.558809544143830964e-09 2.814655343202309595e-10 0.000000000000000000e+00 0.000000000000000000e+00
9.280385368541796964e-01 -4.149407849376631357e+20 4.301362014539543347e+20 -1.538591715410434458e+20 -1.029793347574597515e-09 2.900915235040790260e-09 3.270727013062611045e-10 0.000000000000000000e+00 0.000000000000000000e+00
9.280417380998990939e-01 -5.860688191736136335e+20 1.895251952136109097e+20 -3.840648429537241498e+19 -2.267494794623631531e-09 1.854260744623906902e-09 1.001504193669934808e-09 0.000000000000000000e+00 0.000000000000000000e+00
9.280410981022678696e-01 -4.666494571773238313e+20 4.027271501532039741e+20 -3.031680792136851456e+19 -1.975013640921932362e-09 2.260287153458082503e-09 7.571235616979610931e-10 0.000000000000000000e+00 0.000000000000000000e+00
9.280397121868687593e-01 -4.301557395229335880e+20 2.653003367801996493e+19 -4.417338028609527480e+20 -2.018731107444847255e-09 -3.603041066859706110e-10 -2.318984698234587749e-09 0.000000000000000000e+00 0.000000000000000000e+00
9.280422779183826743e-01 -5.795306321248900219e+20 2.014536607390452613e+20 -6.657537320312099635e+19 -2.883958969853013106e-09 6.949971711501391032e-10 8.846450944388246544e-10 0.000000000000000000e+00 0.000000000000000000e+00
9.280389215535495007e-01 -1.936137705613917880e+20 5.858211910769783603e+20 -1.392563488269023232e+19 4.038638815836076132e-10 3.035991761764054432e-09 4.499066835122465144e-10 0.000000000000000000e+00 0.000000000000000000e+00
9.280412677053967441e-01 -5.641129982777070715e+20 -2.372309300670999429e+20 -7.979428689005474611e+19 -2.233613376864903862e-09 -2.129737140821505127e-09 2.408474244876781466e-10 0.000000000000000000e+00 0.000000000000000000e+00
9.280390202353555607e-01 -2.592407924229312348e+20 4.453210525150929224e+20 3.396372840991514952e+20 -8.814745023518436859e-10 2.335078867260597321e-09 1.831168877939677111e-09 0.000000000000000000e+00 0.000000000000000000e+00
9.280396369973867854e-01 -5.622179839236837212e+20 2.426957513052616786e+20 -7.663994289778026086e+19 -2.046423525994744593e-09 -8.395281822377200683e-10 -2.165669872072401420e-09 0.000000000000000000e+00 0.000000000000000000e+00
9.280374357763448989e-01 -1.580454871401835069e+20 3.836320303913433825e+20 -4.568572295010140815e+20 -3.429050048026193387e-10 2.207060913784314645e-09 -2.143370157722382277e-09 0.000000000000000000e+00 0.000000000000000000e+00
9.280386628424766027e-01 -1.793522915763784581e+20 5.744385568881088266e+20 -1.368042039294002954e+20 1.644318045111031928e-10 2.917990083371395977e-09 -1.020322864791976992e-09 0.000000000000000000e+00 0.000000000000000000e+00
9.280122064175170271e-01 -6.012555248207151759e+20 -6.390263804893113344e+18 1.389775197451964416e+20 -1.765958988887660471e-09 -3.093092823009415693e-10 2.523476362072015029e-09 0.000000000000000000e+00 0.000000000000000000e+00
9.280217718686171180e-01 -5.054176103271799849e+20 6.241237340989829939e+19 3.485901729474171372e+20 -1.608262589165976066e-09 -6.688038716920624418e-10 2.559024559412533191e-09 0.000000000000000000e+00 0.000000000000000000e+00
9.280333234247903906e-01 -4.682235966688669204e+20 -2.899259494601134572e+20 -2.785271030038338929e+20 -1.619477889754953105e-09 -1.174957497136757605e-09 -2.362079310793637407e-09 0.000000000000000000e+00 0.000000000000000000e+00
9.280370127551609283e-01 -1.375359954203873444e+20 5.366643225487541535e+20 2.719130695323782349e+20 3.862608536816962549e-10 1.551496526009376032e-09 2.650733803895061546e-09 0.000000000000000000e+00 0.000000000000000000e+00
9.280386276620492536e-01 -2.023043597504922255e+20 4.974475947188842004e+20 3.041226569051223491e+20 -2.502434588964059873e-10 2.765816298966189596e-09 1.367625818169841132e-09 0.000000000000000000e+00 0.000000000000000000e+00
9.280411667681065513e-01 -5.271062527764720517e+20 3.208676716634986906e+20 -8.340293078515146752e+18 -1.736061033229147404e-09 7.794942653774830852e-10 2.441576372511587437e-09 0.000000000000000000e+00 0.000000000000000000e+00
9.280375431007370501e-01 -5.965512566459337728e+18 6.084710691604808335e+20 -1.029607267718285230e+20 6.905211551485528346e-10 3.017468225016099185e-09 2.838334407702197720e-11 0.000000000000000000e+00 0.000000000000000000e+00
9.280389311687682330e-01 -5.416493841794246902e+20 2.578083988283272069e+20 1.449384563657844982e+20 -2.102003566711207599e-09 -6.654836350735848728e-10 2.172896861742114629e-09 0.000000000000000000e+00 0.000000000000000000e+00
9.280370665690262921e-01 -1.252194569898866442e+20 5.862532088386719580e+20 -1.466105575578309919e+20 8.076947816121760976e-11 3.094171769125460509e-09 -4.803209661840904967e-11 0.000000000000000000e+00 0.000000000000000000e+00
9.280316833285443545e-01 1.608182749426243666e+20 4.115952580484117299e+20 4.308010450222983414e+20 1.674076745525580790e-09 1.492056190559916386e-09 2.133976084637170811e-09 0.000000000000000000e+00 0.000000000000000000e+00
9.280385728128327516e-01 -3.990996316081689068e+20 3.783239098615343350e+20 2.800959344517153751e+20 -9.576675181274597327e-10 9.993552375213785678e-10 2.768920885129779780e-09 0.000000000000000000e+00 0.000000000000000000e+00
9.280393356068618038e-01 -1.993792499513850266e+20 5.634504809904932127e+20 -1.537873499239330611e+20 -2.596642096483039729e-11 3.036989861493208731e-09 -5.989949192373747476e-10 0.000000000000000000e+00 0.000000000000000000e+00
9.280342527887418536e-01 -5.343312910585243238e+19 -4.791897931851783209e+20 3.852209416328153661e+20 5.078408242011839589e-10 -2.377264120708829956e-09 1.916607580184706159e-09 0.000000000000000000e+00 0.000000000000000000e+00
9.280381062203703069e-01 -1.833757723549193339e+20 5.106340022434367406e+20 2.940857341607288832e+20 4.912033121373548592e-10 2.480536912617538897e-09 1.785611136147541449e-09 0.000000000000000000e+00 0.000000000000000000e+00
9.280383543044070649e-01 -1.999575685223981056e+20 3.975673796293933138e+20 -4.275796298623841731e+20 -3.060444885770914109e-10 2.497921908468329949e-09 -1.802631196832471468e-09 0.000000000000000000e+00 0.000000000000000000e+00
9.280396774674981586e-01 -2.660023508325408113e+20 3.602507549640683684e+20 -4.246563530880422380e+20 -4.556327695119890205e-10 2.129623772151975272e-09 -2.199973867009682815e-09 0.000000000000000000e+00 0.000000000000000000e+00
9.280245278801316777e-01 -2.496964809831948943e+20 3.429007391607499653e+20 4.482629692412209398e+20 -1.260484987356092816e-09 5.908512797246171463e-11 2.826686634507116459e-09 0.000000000000000000e+00 0.000000000000000000e+00
9.280403613754646397e-01 -4.343331292490598973e+20 4.384172617511121715e+20 -2.324487734889090048e+18 7.624026647943436216e-10 2.445261231486210493e-09 1.738458356545819231e-09 0.000000000000000000e+00 0.000000000000000000e+00
9.280386702578548030e-01 -1.530291479011511173e+20 5.977896753091632169e+20 9.988630469761239040e+18 1.794561664520009970e-10 2.711891095195539549e-09 1.481959857306243441e-09 0.000000000000000000e+00 0.000000000000000000e+00
9.280388509844565981e-01 -5.763069472518164972e+20 1.765868270040297636e+20 1.324595008167616184e+20 -1.924708979290703865e-09 -1.122562004182736701e-09 2.148980332774293649e-09 0.000000000000000000e+00 0.000000000000000000e+00
9.280350154467100765e-01 7.328419698516802765e+19 5.552873748192756367e+20 2.591305516465335173e+20 2.076423327773102300e-09 9.645019827738638051e-10 2.083480131399110127e-09 0.000000000000000000e+00 0.000000000000000000e+00
9.280380010906654764e-01 -2.224255608727720428e+20 4.671892823529486418e+20 3.363520714959621325e+20 -4.820232155534322275e-10 2.430069986858204481e-09 1.856114895631601722e-09 0.000000000000000000e+00 0.000000000000000000e+00
9.280392414484353036e-01 -2.819670746242223636e+20 5.477192879687142605e+20 -3.680798503983283405e+19 -4.737374454746858168e-10 2.927093491794243781e-09 8.890844535957238961e-10 0.000000000000000000e+00 0.000000000000000000e+00
9.280373148743144007e-01 -5.044904402320952525e+19 6.127206023056248013e+20 -5.372968331470619443e+19 1.154578151842353516e-09 2.535587410900590586e-09 1.349251877388482206e-09 0.000000000000000000e+00 0.000000000000000000e+00
9.280414577836297862e-01 -5.533779003911225344e+20 2.409400931470021427e+20 -1.287916637166600684e+20 -2.529666585553066606e-09 1.725834923750696655e-09 4.528809948818195977e-10 0.000000000000000000e+00 0.000000000000000000e+00
9.280383842914662340e-01 -3.717027310358144614e+20 1.108766472758638019e+20 -4.800142682791047987e+20 -1.248242310518044994e-09 3.679639278504180679e-10 -2.808780985214675741e-09 0.000000000000000000e+00 0.000000000000000000e+00
9.280385890835317619e-01 -2.453725304437900247e+20 5.615192907765998551e+20 -7.316540130099211469e+19 -6.556168576231384151e-10 2.695505855830994507e-09 1.373745204666265274e-09 0.000000000000000000e+00 0.000000000000000000e+00
9.280387910394418682e-01 -1.971852958776621138e+20 1.826750935478523986e+20 -5.555295599222704046e+20 -2.145060069966871608e-10 1.206132124183172903e-09 -2.842885473046719377e-09 0.000000000000000000e+00 0.000000000000000000e+00
9.280409687786819184e-01 -4.354559485262683177e+20 4.109237702588866888e+20 -1.495993968764470886e+20 -2.178483258528821389e-09 2.197437451529008442e-09 9.104753576698196544e-11 0.000000000000000000e+00 0.000000000000000000e+00
9.280392888176904886e-01 -1.898527179071321539e+20 5.759276474932346880e+20 -1.145783633641523937e+20 2.494267265553394095e-10 3.067562823860269787e-09 -3.325962275473032706e-10 0.000000000000000000e+00 0.000000000000000000e+00
9.280423053592297133e-01 -6.041730111710059561e+20 7.887562894392965530e+19 -9.803728222530977792e+19 -3.080479543458286336e-09 -2.048274020120577518e-10 2.270009586717660822e-10 0.000000000000000000e+00 0.000000000000000000e+00
9.280366504912862524e-01 -1.288897370948755456e+20 5.776941572375298048e+20 -1.747218725335019684e+20 5.462550509748803362e-10 3.031426464491722758e-09 -3.078638412535366459e-10 0.000000000000000000e+00 0.000000000000000000e+00
9.280366932856936035e-01 -3.443585110456088658e+20 -4.458313648892764160e+18 5.121196934784158269e+20 1.698020857057816789e-11 -4.313456856294057855e-10 3.065350647294133571e-09 0.000000000000000000e+00 0.000000000000000000e+00
9.280386660816648536e-01 -6.009194987664352215e+20 2.558116192114327962e+19 1.381967100325636669e+20 -2.611777103740909594e-09 -4.236089701517724540e-10 1.606841174815408616e-09 0.000000000000000000e+00 0.000000000000000000e+00
9.280421405317000882e-01 -5.548861731724507218e+20 1.556935131547537900e+20 -2.207327100134880051e+20 -2.515283499744373793e-09 1.274375916824115436e-09 -1.277556046550411032e-09 0.000000000000000000e+00 0.000000000000000000e+00
9.280377297350516086e-01 -1.398638735320527667e+20 5.003803438571476746e+20 3.330622680188427960e+20 -3.578487375079321147e-10 2.447043394068751160e-09 1.861898582581870816e-09 0.000000000000000000e+00 0.000000000000000000e+00
9.280376015378246635e-01 -5.648874274295366287e+20 -2.806297759086407680e+19 2.469266035809249526e+20 -1.922309578141665904e-09 -1.130733663939177025e-09 2.146836752701653151e-09 0.000000000000000000e+00 0.000000000000000000e+00
9.280400795478963571e-01 -3.132404145005238026e+20 4.158954681724546580e+20 3.313255087701498921e+20 -5.887260037289485644e-10 2.439155473445539328e-09 1.812929733779057865e-09 0.000000000000000000e+00 0.000000000000000000e+00
9.280379393524657017e-01 -3.844603307341095895e+20 4.609086700622275543e+20 -1.436207442804604436e+20 -1.382489483136067739e-09 2.670087262485298504e-09 -7.362775236855246023e-10 0.000000000000000000e+00 0.000000000000000000e+00
9.280397265990639744e-01 -3.908200457870274068e+20 1.170856645800894628e+20 4.631440561278127309e+20 -1.455504031093671686e-09 6.114633449562135945e-10 2.662781488404062128e-09 0.000000000000000000e+00 0.000000000000000000e+00
9.280405032165475188e-01 -4.054369244252038103e+20 4.459306629392323052e+20 -1.327661707289386353e+20 -1.295578493747919044e-09 2.718217092678213759e-09 7.180340547677200544e-10 0.000000000000000000e+00 0.000000000000000000e+00
9.280376153396615591e-01 -3.398921277569510932e+20 3.101819154428310323e+20 -4.112559747390902764e+20 -8.603879648676627819e-10 9.357583687363201696e-10 -2.822557330863666431e-09 0.000000000000000000e+00 0.000000000000000000e+00
9.280414649082701084e-01 -5.140060407404471255e+20 3.001632207301930516e+20 -1.629733530649659965e+20 -2.232903560685804434e-09 2.001154293066278030e-09 7.696387105528689966e-10 0.000000000000000000e+00 0.000000000000000000e+00
9.280382731077463365e-01 -1.679202530574102692e+20 4.497369649407336120e+20 3.878185408277630157e+20 8.718092274983155327e-11 2.004128928615763885e-09 2.357672871485365281e-09 0.000000000000000000e+00 0.000000000000000000e+00
9.280410338341984477e-01 -5.467643723343174697e+20 2.459963214529358070e+20 -1.462810001965993001e+20 -2.877985570713294613e-09 8.962880626428727202e-10 -7.047541570496015348e-10 0.000000000000000000e+00 0.000000000000000000e+00
9.280403656474682794e-01 -4.985093647777590149e+20 3.579384211016860959e+20 -6.597309891212002918e+19 -2.504440305106189003e-09 1.819221444888157298e-09 -3.177973854044419471e-11 0.000000000000000000e+00 0.000000000000000000e+00
9.280351070439644134e-01 8.637021288375659520e+18 -1.568231368427522294e+20 -5.968253310588261499e+20 1.134370017236188329e-09 -2.584823530792965095e-10 -2.868637446175227013e-09 0.000000000000000000e+00 0.000000000000000000e+00
9.280350712684310999e-01 -3.328543692941222216e+20 -1.444873951240286372e+20 -4.991877695130335969e+20 -1.440145932722158856e-09 -1.205638596182895813e-09 -2.460712049284464065e-09 0.000000000000000000e+00 0.000000000000000000e+00
9.280400760184582820e-01 -5.988508052446314496e+20 9.790869121973705114e+19 -1.124896706274085274e+20 -2.963747494156122265e-09 1.538525453870763044e-10 8.805237435745872826e-10 0.000000000000000000e+00 0.000000000000000000e+00
9.280397025302772329e-01 -2.803776723469588234e+20 5.147589713956238131e+20 -1.930940331083132109e+20 -6.515921195404162332e-10 2.970286958093751308e-09 -5.793162012344431419e-10 0.000000000000000000e+00 0.000000000000000000e+00
9.280404365246729403e-01 -3.711923001717027635e+20 4.608526259721683599e+20 -1.752203465742442168e+20 -1.409888168115930609e-09 2.630223019743417107e-09 -8.227645730798095722e-10 0.000000000000000000e+00 0.000000000000000000e+00
9.280387171128108292e-01 -1.382088496002642575e+20 1.302830619051172987e+20 -5.871880351533281444e+20 4.845677090602428427e-10 8.225413569542366062e-10 -2.944721322232990843e-09 0.000000000000000000e+00 0.000000000000000000e+00
9.280405746530403510e-01 -5.573099956433764352e+20 2.631823039028664074e+20 -3.168379045546303488e+19 -2.368649918845178668e-09 5.067551318138580193e-10 1.927562962347909841e-09 0.000000000000000000e+00 0.000000000000000000e+00
9.280404780790256769e-01 -4.365030275748905615e+20 3.914948939270592922e+20 1.925009014926147256e+20 -1.889003785057051679e-09 2.358933925519997012e-09 6.707425855982613133e-10 0.000000000000000000e+00 0.000000000000000000e+00
9.280388000138074522e-01 -1.331282360095342428e+20 3.733678552462241956e+20 -4.730044985517466583e+20 5.984765048555935257e-10 2.024874401301850364e-09 -2.263730341341055260e-09 0.000000000000000000e+00 0.000000000000000000e+00
9.280340569775517023e-01 1.208935339416605983e+20 2.150210175036612608e+20 5.657052418106420756e+20 1.308976009655120457e-09 1.733074528049672734e-09 2.205833643166565366e-09 0.000000000000000000e+00 0.000000000000000000e+00
9.280372208091178798e-01 -2.024935645867093852e+20 5.501082818863742976e+20 1.929890311190486712e+20 -5.523301174523474180e-10 2.204926108791463478e-09 2.101419807937542343e-09 0.000000000000000000e+00 0.000000000000000000e+00
9.280391972947580337e-01 -5.887539571762891981e+20 1.095280162535671562e+20 -1.491441068581430886e+20 -2.770969946256652021e-09 5.510488043170105404e-10 -1.265244839124535737e-09 0.000000000000000000e+00 0.000000000000000000e+00
9.280370850972109453e-01 -3.492910517630877041e+20 4.068372664016381542e+20 -3.055089158723643638e+20 -1.987370050066056110e-09 2.313979097553271329e-09 -5.278173269084813648e-10 0.000000000000000000e+00 0.000000000000000000e+00
9.280406285507923903e-01 -4.474373375846365921e+20 3.750557665490645156e+20 2.000328037403070956e+20 -1.942750259612724022e-09 1.996484575162479290e-09 1.350027428785422859e-09 0.000000000000000000e+00 0.000000000000000000e+00
9.280411732544461278e-01 -4.447357564383004590e+20 3.907593690739986268e+20 -1.743085645495917609e+20 -1.631249020687945958e-09 2.592582846740478081e-09 -4.476107158072535199e-10 0.000000000000000000e+00 0.000000000000000000e+00
9.280372726370337277e-01 -1.074287231620578345e+20 5.344192362422003958e+20 -2.893321287264070205e+20 6.871806902143513154e-10 2.748935428156017062e-09 -1.246543498728692673e-09 0.000000000000000000e+00 0.000000000000000000e+00
9.280406815718723612e-01 -3.743522389627461960e+20 4.267880842983893893e+20 -2.420234798907073167e+20 -1.105739223282935910e-09 2.776087942962212356e-09 -8.083816466053428550e-10 0.000000000000000000e+00 0.000000000000000000e+00
9.280411307248601638e-01 -5.726353257807431598e+20 2.283165652154849034e+20 2.869062952838238208e+19 -3.015154746791146932e-09 2.346595123511436210e-10 6.607498963083395455e-10 0.000000000000000000e+00 0.000000000000000000e+00
