0	-8.500	-0.000	-0.000
0	-8.500	-0.000	-0.000
0	-8.499	-0.002	-0.001
0	-8.497	-0.006	-0.003
0	-8.495	-0.011	-0.006
0	-8.491	-0.019	-0.010
0	-8.487	-0.026	-0.014
0	-8.482	-0.035	-0.019
0	-8.476	-0.043	-0.024
0	-8.471	-0.050	-0.028
0	-8.464	-0.058	-0.033
0	-8.458	-0.066	-0.038
0	-8.451	-0.074	-0.042
0	-8.445	-0.081	-0.046
0	-8.440	-0.087	-0.049
0	-8.434	-0.093	-0.053
0	-8.430	-0.097	-0.055
0	-8.429	-0.100	-0.057
0	-8.426	-0.103	-0.059
0	-8.423	-0.107	-0.061
0	-8.418	-0.112	-0.065
0	-8.413	-0.119	-0.070
0	-8.409	-0.125	-0.075
0	-8.403	-0.132	-0.082
0	-8.401	-0.135	-0.085
0	-8.400	-0.136	-0.087
0	-8.398	-0.138	-0.089
0	-8.396	-0.140	-0.092
0	-8.394	-0.144	-0.096
0	-8.389	-0.149	-0.102
0	-8.383	-0.154	-0.109
0	-8.377	-0.160	-0.116
0	-8.370	-0.165	-0.122
0	-8.363	-0.172	-0.129
0	-8.356	-0.178	-0.136
0	-8.348	-0.185	-0.142
0	-8.342	-0.191	-0.147
0	-8.338	-0.195	-0.151
0	-8.334	-0.198	-0.153
0	-8.333	-0.200	-0.155
0	-8.330	-0.203	-0.157
0	-8.326	-0.206	-0.159
0	-8.323	-0.210	-0.162
0	-8.318	-0.215	-0.166
0	-8.313	-0.221	-0.171
0	-8.307	-0.227	-0.176
0	-8.302	-0.232	-0.182
0	-8.296	-0.236	-0.186
0	-8.292	-0.239	-0.191
0	-8.288	-0.242	-0.195
0	-8.284	-0.245	-0.200
0	-8.281	-0.246	-0.203
0	-8.278	-0.248	-0.207
0	-8.274	-0.250	-0.212
0	-8.271	-0.252	-0.216
0	-8.268	-0.255	-0.222
0	-8.264	-0.258	-0.228
0	-8.260	-0.261	-0.235
0	-8.256	-0.264	-0.240
0	-8.252	-0.267	-0.245
0	-8.248	-0.270	-0.250
0	-8.244	-0.273	-0.255
0	-8.238	-0.276	-0.261
0	-8.232	-0.278	-0.266
0	-8.226	-0.281	-0.272
0	-8.221	-0.283	-0.279
0	-8.215	-0.285	-0.286
0	-8.210	-0.287	-0.294
0	-8.206	-0.288	-0.299
0	-8.202	-0.290	-0.305
0	-8.199	-0.292	-0.311
0	-8.194	-0.294	-0.319
0	-8.191	-0.295	-0.326
0	-8.187	-0.298	-0.334
0	-8.185	-0.299	-0.340
0	-8.184	-0.300	-0.342
0	-8.182	-0.301	-0.347
0	-8.180	-0.303	-0.351
0	-8.177	-0.305	-0.358
0	-8.175	-0.308	-0.366
0	-8.173	-0.310	-0.372
0	-8.172	-0.312	-0.378
0	-8.170	-0.315	-0.386
0	-8.169	-0.317	-0.392
0	-8.168	-0.320	-0.399
0	-8.167	-0.323	-0.405
0	-8.166	-0.326	-0.411
0	-8.166	-0.328	-0.417
0	-8.166	-0.331	-0.424
0	-8.166	-0.333	-0.432
0	-8.167	-0.335	-0.439
0	-8.169	-0.338	-0.447
0	-8.170	-0.340	-0.455
0	-8.172	-0.342	-0.463
0	-8.175	-0.345	-0.472
0	-8.178	-0.348	-0.480
0	-8.181	-0.352	-0.488
0	-8.185	-0.355	-0.496
0	-8.187	-0.356	-0.500
0	-8.189	-0.358	-0.505
0	-8.192	-0.360	-0.510
0	-8.194	-0.362	-0.517
0	-8.197	-0.364	-0.524
0	-8.200	-0.366	-0.532
0	-8.203	-0.368	-0.540
0	-8.207	-0.370	-0.548
0	-8.210	-0.371	-0.556
0	-8.212	-0.372	-0.563
0	-8.215	-0.373	-0.570
0	-8.217	-0.374	-0.576
0	-8.219	-0.375	-0.582
0	-8.221	-0.376	-0.589
0	-8.222	-0.376	-0.596
0	-8.224	-0.377	-0.604
0	-8.226	-0.377	-0.613
0	-8.227	-0.377	-0.621
0	-8.227	-0.377	-0.629
0	-8.227	-0.376	-0.637
0	-8.227	-0.376	-0.645
0	-8.226	-0.374	-0.652
0	-8.225	-0.373	-0.661
0	-8.223	-0.370	-0.671
0	-8.222	-0.367	-0.679
0	-8.219	-0.364	-0.688
0	-8.216	-0.360	-0.697
0	-8.213	-0.358	-0.705
0	-8.210	-0.355	-0.713
0	-8.206	-0.353	-0.720
0	-8.202	-0.351	-0.728
0	-8.198	-0.349	-0.736
0	-8.195	-0.348	-0.744
0	-8.191	-0.346	-0.752
0	-8.188	-0.345	-0.758
0	-8.185	-0.344	-0.766
0	-8.182	-0.343	-0.775
0	-8.178	-0.342	-0.785
0	-8.174	-0.341	-0.796
0	-8.170	-0.340	-0.808
0	-8.166	-0.340	-0.819
0	-8.161	-0.339	-0.829
0	-8.157	-0.338	-0.836
0	-8.153	-0.337	-0.844
0	-8.148	-0.336	-0.852
0	-8.143	-0.335	-0.860
0	-8.139	-0.333	-0.868
0	-8.134	-0.332	-0.876
0	-8.130	-0.330	-0.884
0	-8.125	-0.328	-0.892
0	-8.119	-0.325	-0.902
0	-8.114	-0.323	-0.910
0	-8.109	-0.321	-0.918
0	-8.105	-0.320	-0.924
0	-8.101	-0.318	-0.931
0	-8.097	-0.316	-0.937
0	-8.093	-0.315	-0.942
0	-8.088	-0.313	-0.950
0	-8.082	-0.310	-0.959
0	-8.076	-0.307	-0.967
0	-8.069	-0.304	-0.976
0	-8.065	-0.301	-0.982
0	-8.060	-0.298	-0.989
0	-8.054	-0.294	-0.997
0	-8.048	-0.290	-1.005
0	-8.042	-0.286	-1.013
0	-8.035	-0.281	-1.022
0	-8.028	-0.276	-1.031
0	-8.021	-0.272	-1.039
0	-8.014	-0.267	-1.047
0	-8.007	-0.262	-1.056
0	-8.001	-0.258	-1.064
0	-7.997	-0.256	-1.068
0	-7.994	-0.253	-1.072
0	-7.989	-0.249	-1.078
0	-7.985	-0.246	-1.084
0	-7.981	-0.242	-1.090
0	-7.977	-0.237	-1.097
0	-7.975	-0.235	-1.100
0	-7.973	-0.233	-1.104
0	-7.971	-0.230	-1.108
0	-7.969	-0.227	-1.113
0	-7.965	-0.222	-1.120
0	-7.961	-0.216	-1.129
0	-7.957	-0.210	-1.136
0	-7.952	-0.204	-1.144
0	-7.947	-0.198	-1.151
0	-7.942	-0.191	-1.159
0	-7.937	-0.184	-1.166
0	-7.932	-0.178	-1.172
0	-7.927	-0.173	-1.178
0	-7.922	-0.166	-1.184
0	-7.917	-0.158	-1.191
0	-7.912	-0.152	-1.197
0	-7.908	-0.146	-1.203
0	-7.904	-0.140	-1.208
0	-7.899	-0.134	-1.212
0	-7.893	-0.126	-1.219
0	-7.886	-0.118	-1.225
0	-7.880	-0.110	-1.230
0	-7.873	-0.102	-1.236
0	-7.872	-0.100	-1.237
0	-7.865	-0.092	-1.242
0	-7.859	-0.084	-1.247
0	-7.854	-0.076	-1.252
0	-7.849	-0.070	-1.257
0	-7.845	-0.063	-1.262
0	-7.841	-0.056	-1.267
0	-7.838	-0.047	-1.274
0	-7.834	-0.038	-1.280
0	-7.832	-0.029	-1.287
0	-7.830	-0.021	-1.293
0	-7.829	-0.013	-1.299
0	-7.829	-0.005	-1.306
0	-7.829	-0.002	-1.309
0	-7.829	-0.000	-1.310
0	-7.829	0.005	-1.314
0	-7.829	0.009	-1.318
0	-7.829	0.017	-1.324
0	-7.829	0.024	-1.330
0	-7.829	0.031	-1.337
0	-7.829	0.039	-1.344
0	-7.830	0.047	-1.352
0	-7.831	0.056	-1.361
0	-7.832	0.063	-1.369
0	-7.833	0.070	-1.376
0	-7.834	0.076	-1.383
0	-7.835	0.083	-1.389
0	-7.837	0.090	-1.396
0	-7.838	0.099	-1.405
0	-7.839	0.103	-1.409
0	-7.840	0.107	-1.413
0	-7.841	0.114	-1.418
0	-7.843	0.121	-1.423
0	-7.844	0.128	-1.428
0	-7.846	0.136	-1.433
0	-7.848	0.144	-1.439
0	-7.850	0.152	-1.444
0	-7.853	0.160	-1.450
0	-7.855	0.168	-1.454
0	-7.858	0.176	-1.459
0	-7.862	0.185	-1.464
0	-7.866	0.195	-1.469
0	-7.871	0.206	-1.474
0	-7.876	0.215	-1.480
0	-7.880	0.223	-1.486
0	-7.886	0.233	-1.493
0	-7.892	0.240	-1.500
0	-7.897	0.247	-1.506
0	-7.902	0.253	-1.511
0	-7.909	0.260	-1.518
0	-7.916	0.267	-1.524
0	-7.924	0.274	-1.529
0	-7.932	0.281	-1.533
0	-7.941	0.288	-1.536
0	-7.948	0.295	-1.539
0	-7.956	0.301	-1.541
0	-7.963	0.308	-1.542
0	-7.970	0.315	-1.544
0	-7.978	0.321	-1.544
0	-7.984	0.327	-1.545
0	-7.991	0.334	-1.545
0	-7.999	0.340	-1.545
0	-8.003	0.344	-1.544
0	-8.008	0.348	-1.544
0	-8.013	0.353	-1.543
0	-8.021	0.360	-1.542
0	-8.028	0.366	-1.541
0	-8.036	0.372	-1.540
0	-8.045	0.380	-1.540
0	-8.054	0.388	-1.540
0	-8.062	0.394	-1.541
0	-8.069	0.401	-1.542
0	-8.076	0.406	-1.543
0	-8.083	0.411	-1.545
0	-8.091	0.417	-1.547
0	-8.099	0.423	-1.549
0	-8.103	0.426	-1.551
0	-8.108	0.429	-1.552
0	-8.114	0.432	-1.553
0	-8.122	0.437	-1.554
0	-8.133	0.442	-1.555
0	-8.145	0.448	-1.554
0	-8.157	0.452	-1.552
0	-8.168	0.456	-1.549
0	-8.180	0.459	-1.546
0	-8.194	0.462	-1.542
0	-8.198	0.463	-1.541
0	-8.205	0.464	-1.539
0	-8.211	0.465	-1.537
0	-8.220	0.468	-1.535
0	-8.230	0.470	-1.532
0	-8.241	0.473	-1.529
0	-8.252	0.476	-1.527
0	-8.264	0.480	-1.524
0	-8.273	0.482	-1.521
0	-8.283	0.485	-1.519
0	-8.294	0.487	-1.517
0	-8.305	0.489	-1.514
0	-8.318	0.491	-1.512
0	-8.329	0.492	-1.510
0	-8.345	0.494	-1.507
0	-8.357	0.495	-1.505
0	-8.369	0.496	-1.504
0	-8.382	0.497	-1.502
0	-8.395	0.497	-1.501
0	-8.400	0.497	-1.501
0	-8.406	0.496	-1.501
0	-8.412	0.496	-1.501
0	-8.424	0.495	-1.501
0	-8.433	0.494	-1.501
0	-8.442	0.493	-1.501
0	-8.451	0.492	-1.501
0	-8.460	0.491	-1.500
0	-8.473	0.490	-1.499
0	-8.485	0.488	-1.497
0	-8.496	0.487	-1.495
0	-8.499	0.487	-1.495
0	-8.504	0.486	-1.494
0	-8.508	0.486	-1.493
0	-8.514	0.485	-1.493
0	-8.522	0.484	-1.492
0	-8.532	0.483	-1.491
0	-8.545	0.482	-1.491
0	-8.557	0.480	-1.490
0	-8.568	0.479	-1.490
0	-8.581	0.477	-1.489
0	-8.594	0.476	-1.489
0	-8.599	0.475	-1.489
0	-8.604	0.475	-1.489
0	-8.609	0.475	-1.490
0	-8.618	0.474	-1.490
0	-8.628	0.473	-1.490
0	-8.642	0.471	-1.490
0	-8.655	0.469	-1.490
0	-8.670	0.467	-1.488
0	-8.680	0.465	-1.487
0	-8.688	0.463	-1.487
0	-8.698	0.460	-1.485
0	-8.706	0.457	-1.484
0	-8.714	0.454	-1.483
0	-8.723	0.451	-1.483
0	-8.733	0.447	-1.482
0	-8.741	0.444	-1.481
0	-8.749	0.441	-1.481
0	-8.757	0.437	-1.480
0	-8.766	0.433	-1.479
0	-8.775	0.428	-1.477
0	-8.784	0.423	-1.476
0	-8.794	0.419	-1.474
0	-8.802	0.415	-1.472
0	-8.811	0.412	-1.470
0	-8.820	0.408	-1.468
0	-8.829	0.405	-1.466
0	-8.838	0.402	-1.464
0	-8.849	0.398	-1.461
0	-8.862	0.394	-1.458
0	-8.873	0.392	-1.455
0	-8.884	0.389	-1.453
0	-8.895	0.386	-1.451
0	-8.905	0.383	-1.449
0	-8.917	0.380	-1.447
0	-8.929	0.376	-1.444
0	-8.943	0.371	-1.441
0	-8.953	0.368	-1.439
0	-8.963	0.364	-1.436
0	-8.973	0.359	-1.434
0	-8.984	0.354	-1.432
0	-8.993	0.349	-1.430
0	-8.998	0.347	-1.429
0	-9.005	0.344	-1.428
0	-9.013	0.341	-1.426
0	-9.024	0.337	-1.424
0	-9.034	0.333	-1.421
0	-9.045	0.329	-1.417
0	-9.054	0.325	-1.414
0	-9.062	0.322	-1.410
0	-9.071	0.319	-1.407
0	-9.080	0.314	-1.403
0	-9.085	0.312	-1.400
0	-9.090	0.310	-1.399
0	-9.095	0.309	-1.397
0	-9.102	0.306	-1.394
0	-9.112	0.302	-1.390
0	-9.121	0.299	-1.386
0	-9.130	0.295	-1.382
0	-9.137	0.292	-1.378
0	-9.145	0.289	-1.375
0	-9.152	0.285	-1.371
0	-9.161	0.281	-1.366
0	-9.169	0.275	-1.361
0	-9.177	0.270	-1.357
0	-9.187	0.263	-1.351
0	-9.195	0.256	-1.346
0	-9.203	0.250	-1.342
0	-9.211	0.244	-1.337
0	-9.220	0.237	-1.332
0	-9.227	0.232	-1.328
0	-9.233	0.228	-1.324
0	-9.243	0.221	-1.318
0	-9.255	0.212	-1.311
0	-9.264	0.207	-1.305
0	-9.273	0.201	-1.301
0	-9.281	0.196	-1.296
0	-9.288	0.192	-1.292
0	-9.295	0.187	-1.288
0	-9.300	0.184	-1.285
0	-9.304	0.181	-1.282
0	-9.308	0.177	-1.280
0	-9.315	0.172	-1.275
0	-9.323	0.166	-1.271
0	-9.330	0.161	-1.266
0	-9.338	0.155	-1.262
0	-9.346	0.148	-1.257
0	-9.356	0.141	-1.250
0	-9.362	0.136	-1.246
0	-9.369	0.130	-1.241
0	-9.376	0.124	-1.235
0	-9.382	0.117	-1.229
0	-9.388	0.112	-1.223
0	-9.393	0.107	-1.218
0	-9.400	0.100	-1.210
0	-9.406	0.094	-1.203
0	-9.411	0.088	-1.196
0	-9.416	0.082	-1.189
0	-9.421	0.075	-1.181
0	-9.426	0.067	-1.171
0	-9.429	0.060	-1.163
0	-9.432	0.053	-1.155
0	-9.434	0.045	-1.146
0	-9.436	0.040	-1.140
0	-9.437	0.035	-1.134
0	-9.439	0.028	-1.125
0	-9.440	0.020	-1.116
0	-9.441	0.014	-1.109
0	-9.442	0.007	-1.100
0	-9.442	0.002	-1.094
0	-9.442	0.000	-1.092
0	-9.441	-0.003	-1.088
0	-9.441	-0.007	-1.084
0	-9.440	-0.013	-1.077
0	-9.440	-0.019	-1.070
0	-9.440	-0.026	-1.062
0	-9.439	-0.032	-1.056
0	-9.439	-0.038	-1.049
0	-9.440	-0.046	-1.040
0	-9.440	-0.055	-1.031
0	-9.441	-0.061	-1.024
0	-9.442	-0.067	-1.017
0	-9.444	-0.074	-1.009
0	-9.446	-0.081	-1.001
0	-9.447	-0.085	-0.997
0	-9.448	-0.088	-0.993
0	-9.450	-0.093	-0.987
0	-9.452	-0.101	-0.979
0	-9.454	-0.109	-0.971
0	-9.456	-0.117	-0.962
0	-9.458	-0.124	-0.953
0	-9.459	-0.131	-0.945
0	-9.460	-0.138	-0.936
0	-9.460	-0.145	-0.927
0	-9.460	-0.151	-0.919
0	-9.460	-0.157	-0.912
0	-9.459	-0.164	-0.904
0	-9.458	-0.171	-0.896
0	-9.456	-0.179	-0.887
0	-9.453	-0.187	-0.878
0	-9.450	-0.196	-0.868
0	-9.448	-0.200	-0.864
0	-9.446	-0.204	-0.859
0	-9.445	-0.208	-0.855
0	-9.443	-0.215	-0.848
0	-9.440	-0.223	-0.841
0	-9.437	-0.231	-0.835
0	-9.435	-0.238	-0.829
0	-9.432	-0.247	-0.823
0	-9.429	-0.256	-0.816
0	-9.426	-0.266	-0.808
0	-9.424	-0.275	-0.802
0	-9.421	-0.282	-0.797
0	-9.419	-0.293	-0.790
0	-9.417	-0.301	-0.784
0	-9.415	-0.309	-0.777
0	-9.413	-0.315	-0.772
0	-9.412	-0.322	-0.767
0	-9.411	-0.328	-0.761
0	-9.410	-0.334	-0.756
0	-9.409	-0.341	-0.748
0	-9.409	-0.347	-0.741
0	-9.409	-0.353	-0.735
0	-9.409	-0.359	-0.728
0	-9.409	-0.365	-0.720
0	-9.409	-0.374	-0.711
0	-9.409	-0.380	-0.705
0	-9.409	-0.383	-0.701
0	-9.409	-0.387	-0.697
0	-9.409	-0.391	-0.693
0	-9.409	-0.399	-0.685
0	-9.409	-0.400	-0.684
0	-9.409	-0.407	-0.677
0	-9.408	-0.414	-0.670
0	-9.408	-0.420	-0.665
0	-9.408	-0.427	-0.659
0	-9.407	-0.433	-0.653
0	-9.407	-0.440	-0.646
0	-9.407	-0.448	-0.639
0	-9.407	-0.456	-0.631
0	-9.407	-0.465	-0.623
0	-9.406	-0.474	-0.616
0	-9.405	-0.483	-0.609
0	-9.404	-0.492	-0.603
0	-9.403	-0.495	-0.600
0	-9.403	-0.501	-0.596
0	-9.402	-0.507	-0.592
0	-9.401	-0.513	-0.587
0	-9.399	-0.520	-0.583
0	-9.397	-0.529	-0.577
0	-9.394	-0.538	-0.572
0	-9.391	-0.547	-0.566
0	-9.387	-0.556	-0.561
0	-9.383	-0.566	-0.556
0	-9.379	-0.575	-0.551
0	-9.374	-0.584	-0.546
0	-9.369	-0.593	-0.542
0	-9.365	-0.600	-0.539
0	-9.360	-0.609	-0.534
0	-9.356	-0.616	-0.531
0	-9.352	-0.624	-0.528
0	-9.348	-0.632	-0.526
0	-9.343	-0.642	-0.522
0	-9.339	-0.653	-0.519
0	-9.335	-0.666	-0.514
0	-9.331	-0.676	-0.510
0	-9.327	-0.689	-0.507
0	-9.324	-0.698	-0.504
0	-9.321	-0.707	-0.502
0	-9.318	-0.716	-0.501
0	-9.315	-0.724	-0.499
0	-9.312	-0.734	-0.497
0	-9.309	-0.743	-0.494
0	-9.306	-0.752	-0.492
0	-9.304	-0.760	-0.490
0	-9.301	-0.769	-0.486
0	-9.298	-0.781	-0.482
0	-9.295	-0.792	-0.478
0	-9.294	-0.799	-0.476
0	-9.292	-0.806	-0.474
0	-9.290	-0.813	-0.472
0	-9.288	-0.820	-0.469
0	-9.286	-0.827	-0.467
0	-9.283	-0.837	-0.464
0	-9.280	-0.845	-0.462
0	-9.278	-0.852	-0.461
0	-9.275	-0.861	-0.460
0	-9.272	-0.870	-0.459
0	-9.268	-0.879	-0.458
0	-9.264	-0.890	-0.457
0	-9.260	-0.899	-0.456
0	-9.257	-0.907	-0.456
0	-9.254	-0.915	-0.456
0	-9.251	-0.923	-0.456
0	-9.247	-0.931	-0.455
0	-9.244	-0.940	-0.455
0	-9.239	-0.951	-0.454
0	-9.235	-0.960	-0.453
0	-9.230	-0.970	-0.452
0	-9.224	-0.981	-0.450
0	-9.218	-0.992	-0.448
0	-9.212	-1.003	-0.445
0	-9.205	-1.013	-0.443
0	-9.201	-1.020	-0.442
0	-9.197	-1.027	-0.441
0	-9.193	-1.033	-0.440
0	-9.188	-1.040	-0.439
0	-9.183	-1.048	-0.439
0	-9.177	-1.057	-0.439
0	-9.171	-1.067	-0.439
0	-9.165	-1.077	-0.440
0	-9.159	-1.085	-0.441
0	-9.153	-1.093	-0.442
0	-9.149	-1.098	-0.443
0	-9.148	-1.100	-0.443
0	-9.144	-1.105	-0.444
0	-9.140	-1.111	-0.445
0	-9.136	-1.117	-0.446
0	-9.132	-1.124	-0.448
0	-9.126	-1.133	-0.449
0	-9.121	-1.141	-0.450
0	-9.116	-1.148	-0.452
0	-9.110	-1.155	-0.453
0	-9.105	-1.162	-0.454
0	-9.099	-1.170	-0.455
0	-9.093	-1.177	-0.456
0	-9.088	-1.184	-0.458
0	-9.083	-1.191	-0.460
0	-9.077	-1.199	-0.462
0	-9.071	-1.208	-0.464
0	-9.064	-1.220	-0.467
0	-9.059	-1.229	-0.470
0	-9.054	-1.238	-0.472
0	-9.048	-1.248	-0.474
0	-9.043	-1.257	-0.476
0	-9.039	-1.266	-0.477
0	-9.034	-1.272	-0.478
0	-9.030	-1.279	-0.479
0	-9.025	-1.289	-0.481
0	-9.019	-1.300	-0.481
0	-9.015	-1.307	-0.482
0	-9.011	-1.316	-0.483
0	-9.007	-1.325	-0.483
0	-9.003	-1.333	-0.485
0	-8.999	-1.342	-0.486
0	-8.996	-1.350	-0.487
0	-8.993	-1.357	-0.489
0	-8.991	-1.364	-0.490
0	-8.988	-1.372	-0.492
0	-8.985	-1.381	-0.495
0	-8.983	-1.390	-0.498
0	-8.981	-1.398	-0.501
0	-8.979	-1.406	-0.504
0	-8.978	-1.416	-0.508
0	-8.977	-1.425	-0.513
0	-8.976	-1.432	-0.517
0	-8.975	-1.440	-0.521
0	-8.974	-1.448	-0.525
0	-8.973	-1.455	-0.530
0	-8.972	-1.463	-0.535
0	-8.970	-1.471	-0.540
0	-8.968	-1.479	-0.546
0	-8.966	-1.487	-0.553
0	-8.964	-1.495	-0.560
0	-8.963	-1.500	-0.564
0	-8.961	-1.505	-0.570
0	-8.960	-1.510	-0.576
0	-8.959	-1.519	-0.586
0	-8.958	-1.526	-0.597
0	-8.958	-1.528	-0.599
0	-8.958	-1.531	-0.604
0	-8.958	-1.534	-0.609
0	-8.957	-1.539	-0.616
0	-8.957	-1.544	-0.624
0	-8.956	-1.549	-0.633
0	-8.955	-1.554	-0.641
0	-8.954	-1.558	-0.650
0	-8.953	-1.564	-0.658
0	-8.951	-1.570	-0.668
0	-8.950	-1.576	-0.676
0	-8.949	-1.582	-0.684
0	-8.947	-1.589	-0.692
0	-8.945	-1.595	-0.700
0	-8.943	-1.603	-0.710
0	-8.941	-1.608	-0.716
0	-8.939	-1.613	-0.723
0	-8.937	-1.619	-0.732
0	-8.934	-1.626	-0.741
0	-8.930	-1.633	-0.751
0	-8.927	-1.639	-0.760
0	-8.924	-1.645	-0.768
0	-8.921	-1.650	-0.775
0	-8.917	-1.657	-0.785
0	-8.914	-1.663	-0.795
0	-8.911	-1.667	-0.803
0	-8.909	-1.671	-0.811
0	-8.907	-1.675	-0.821
0	-8.904	-1.680	-0.832
0	-8.901	-1.684	-0.843
0	-8.900	-1.685	-0.846
0	-8.899	-1.687	-0.851
0	-8.897	-1.689	-0.856
0	-8.896	-1.691	-0.863
0	-8.894	-1.694	-0.870
0	-8.892	-1.697	-0.879
0	-8.890	-1.701	-0.889
0	-8.889	-1.705	-0.897
0	-8.889	-1.706	-0.900
0	-8.889	-1.709	-0.906
0	-8.888	-1.711	-0.911
0	-8.887	-1.715	-0.921
0	-8.887	-1.719	-0.930
0	-8.886	-1.724	-0.940
0	-8.885	-1.729	-0.950
0	-8.884	-1.734	-0.959
0	-8.882	-1.739	-0.969
0	-8.881	-1.743	-0.976
0	-8.879	-1.748	-0.985
0	-8.877	-1.755	-0.997
0	-8.876	-1.757	-1.000
0	-8.875	-1.761	-1.006
0	-8.873	-1.765	-1.013
0	-8.871	-1.770	-1.020
0	-8.870	-1.776	-1.028
0	-8.868	-1.782	-1.036
0	-8.866	-1.787	-1.044
0	-8.865	-1.793	-1.052
0	-8.864	-1.799	-1.061
0	-8.864	-1.804	-1.069
0	-8.863	-1.810	-1.078
0	-8.862	-1.814	-1.086
0	-8.862	-1.819	-1.096
0	-8.861	-1.823	-1.105
0	-8.861	-1.828	-1.115
0	-8.861	-1.833	-1.125
0	-8.862	-1.839	-1.136
0	-8.862	-1.843	-1.145
0	-8.863	-1.848	-1.155
0	-8.864	-1.852	-1.165
0	-8.864	-1.858	-1.175
0	-8.865	-1.863	-1.184
0	-8.865	-1.868	-1.193
0	-8.865	-1.872	-1.199
0	-8.866	-1.876	-1.206
0	-8.866	-1.880	-1.212
0	-8.867	-1.884	-1.219
0	-8.868	-1.890	-1.228
0	-8.869	-1.896	-1.238
0	-8.871	-1.902	-1.248
0	-8.872	-1.908	-1.257
0	-8.874	-1.913	-1.266
0	-8.875	-1.918	-1.274
0	-8.876	-1.924	-1.283
0	-8.878	-1.928	-1.292
0	-8.879	-1.932	-1.299
0	-8.881	-1.935	-1.304
0	-8.882	-1.937	-1.310
0	-8.884	-1.941	-1.318
0	-8.886	-1.946	-1.327
0	-8.888	-1.950	-1.336
0	-8.890	-1.954	-1.345
0	-8.892	-1.959	-1.356
0	-8.894	-1.963	-1.368
0	-8.896	-1.966	-1.379
0	-8.897	-1.970	-1.389
0	-8.899	-1.974	-1.401
0	-8.901	-1.978	-1.413
0	-8.903	-1.982	-1.425
0	-8.904	-1.986	-1.438
0	-8.906	-1.990	-1.451
0	-8.908	-1.993	-1.462
0	-8.910	-1.996	-1.473
0	-8.912	-1.999	-1.485
0	-8.913	-2.000	-1.487
0	-8.914	-2.001	-1.492
0	-8.916	-2.002	-1.497
0	-8.920	-2.005	-1.509
0	-8.924	-2.007	-1.520
0	-8.928	-2.009	-1.531
0	-8.932	-2.011	-1.541
0	-8.937	-2.013	-1.551
0	-8.943	-2.015	-1.561
0	-8.949	-2.018	-1.570
0	-8.956	-2.020	-1.580
0	-8.963	-2.023	-1.589
0	-8.970	-2.026	-1.599
0	-8.973	-2.028	-1.604
0	-8.977	-2.030	-1.609
0	-8.981	-2.033	-1.615
0	-8.987	-2.037	-1.623
0	-8.991	-2.040	-1.631
0	-8.996	-2.044	-1.639
0	-9.002	-2.048	-1.649
0	-9.005	-2.052	-1.657
0	-9.009	-2.055	-1.664
0	-9.013	-2.059	-1.672
0	-9.017	-2.065	-1.682
0	-9.022	-2.071	-1.691
0	-9.026	-2.077	-1.700
0	-9.031	-2.082	-1.708
0	-9.035	-2.088	-1.715
0	-9.040	-2.094	-1.724
0	-9.044	-2.098	-1.730
0	-9.050	-2.105	-1.738
0	-9.055	-2.110	-1.746
0	-9.059	-2.115	-1.752
0	-9.064	-2.121	-1.759
0	-9.068	-2.126	-1.766
0	-9.074	-2.133	-1.775
0	-9.080	-2.140	-1.784
0	-9.087	-2.147	-1.793
0	-9.092	-2.151	-1.798
0	-9.094	-2.152	-1.800
0	-9.098	-2.156	-1.804
0	-9.100	-2.157	-1.806
0	-9.106	-2.161	-1.811
0	-9.112	-2.165	-1.816
0	-9.119	-2.170	-1.821
0	-9.126	-2.175	-1.826
0	-9.134	-2.180	-1.832
0	-9.142	-2.185	-1.838
0	-9.150	-2.190	-1.844
0	-9.159	-2.195	-1.851
0	-9.167	-2.199	-1.857
0	-9.168	-2.200	-1.859
0	-9.171	-2.201	-1.861
0	-9.175	-2.203	-1.863
0	-9.180	-2.205	-1.867
0	-9.189	-2.209	-1.874
0	-9.198	-2.213	-1.880
0	-9.206	-2.217	-1.885
0	-9.215	-2.220	-1.890
0	-9.224	-2.225	-1.894
0	-9.234	-2.229	-1.899
0	-9.236	-2.231	-1.900
0	-9.241	-2.233	-1.902
0	-9.246	-2.235	-1.904
0	-9.255	-2.241	-1.908
0	-9.266	-2.247	-1.914
0	-9.277	-2.254	-1.919
0	-9.287	-2.259	-1.923
0	-9.297	-2.264	-1.927
0	-9.299	-2.266	-1.929
0	-9.305	-2.269	-1.931
0	-9.311	-2.271	-1.934
0	-9.319	-2.276	-1.937
0	-9.329	-2.281	-1.941
0	-9.340	-2.286	-1.944
0	-9.350	-2.291	-1.947
0	-9.360	-2.296	-1.949
0	-9.365	-2.299	-1.950
0	-9.371	-2.303	-1.951
0	-9.377	-2.306	-1.951
0	-9.387	-2.311	-1.952
0	-9.396	-2.316	-1.953
0	-9.399	-2.317	-1.954
0	-9.405	-2.320	-1.954
0	-9.411	-2.322	-1.954
0	-9.418	-2.326	-1.955
0	-9.427	-2.330	-1.955
0	-9.437	-2.334	-1.955
0	-9.447	-2.338	-1.954
0	-9.456	-2.342	-1.953
0	-9.466	-2.347	-1.952
0	-9.476	-2.351	-1.951
0	-9.485	-2.355	-1.950
0	-9.494	-2.359	-1.948
0	-9.499	-2.361	-1.947
0	-9.506	-2.364	-1.946
0	-9.513	-2.367	-1.946
0	-9.520	-2.371	-1.945
0	-9.529	-2.375	-1.945
0	-9.537	-2.379	-1.945
0	-9.545	-2.383	-1.945
0	-9.555	-2.387	-1.945
0	-9.565	-2.393	-1.945
0	-9.577	-2.400	-1.945
0	-9.583	-2.403	-1.945
0	-9.589	-2.406	-1.945
0	-9.598	-2.411	-1.945
0	-9.606	-2.415	-1.945
0	-9.617	-2.421	-1.944
0	-9.630	-2.428	-1.942
0	-9.642	-2.435	-1.939
0	-9.654	-2.441	-1.936
0	-9.665	-2.448	-1.932
0	-9.677	-2.455	-1.927
0	-9.686	-2.461	-1.922
0	-9.697	-2.468	-1.916
0	-9.707	-2.474	-1.911
0	-9.716	-2.480	-1.907
0	-9.725	-2.486	-1.902
0	-9.735	-2.492	-1.897
0	-9.745	-2.499	-1.893
0	-9.753	-2.504	-1.889
0	-9.760	-2.509	-1.886
0	-9.768	-2.514	-1.881
0	-9.776	-2.519	-1.877
0	-9.784	-2.524	-1.871
0	-9.792	-2.531	-1.865
0	-9.798	-2.536	-1.858
0	-9.800	-2.537	-1.857
0	-9.804	-2.540	-1.853
0	-9.807	-2.543	-1.849
0	-9.813	-2.548	-1.844
0	-9.818	-2.553	-1.838
0	-9.824	-2.559	-1.832
0	-9.831	-2.565	-1.827
0	-9.837	-2.572	-1.821
0	-9.843	-2.579	-1.815
0	-9.850	-2.586	-1.810
0	-9.855	-2.592	-1.805
0	-9.860	-2.597	-1.801
0	-9.863	-2.600	-1.798
0	-9.865	-2.603	-1.796
0	-9.871	-2.608	-1.791
0	-9.877	-2.615	-1.784
0	-9.884	-2.622	-1.777
0	-9.889	-2.627	-1.772
0	-9.894	-2.632	-1.767
0	-9.900	-2.638	-1.760
0	-9.906	-2.645	-1.752
0	-9.912	-2.651	-1.744
0	-9.918	-2.657	-1.736
0	-9.923	-2.663	-1.726
0	-9.927	-2.667	-1.720
0	-9.931	-2.672	-1.712
0	-9.936	-2.677	-1.704
0	-9.941	-2.682	-1.696
0	-9.947	-2.687	-1.688
0	-9.953	-2.692	-1.679
0	-9.960	-2.698	-1.671
0	-9.967	-2.703	-1.662
0	-9.974	-2.708	-1.655
0	-9.979	-2.713	-1.648
0	-9.987	-2.718	-1.640
0	-9.994	-2.724	-1.633
0	-10.000	-2.728	-1.626
0	-10.006	-2.733	-1.620
0	-10.014	-2.738	-1.613
0	-10.020	-2.742	-1.608
0	-10.025	-2.746	-1.602
0	-10.031	-2.751	-1.596
0	-10.038	-2.756	-1.589
0	-10.045	-2.761	-1.581
0	-10.053	-2.766	-1.574
0	-10.061	-2.772	-1.566
0	-10.070	-2.777	-1.558
0	-10.080	-2.784	-1.551
0	-10.091	-2.791	-1.542
0	-10.099	-2.796	-1.537
0	-10.104	-2.800	-1.533
0	-10.110	-2.804	-1.529
0	-10.116	-2.808	-1.524
0	-10.123	-2.814	-1.519
0	-10.131	-2.819	-1.513
0	-10.138	-2.825	-1.507
0	-10.145	-2.831	-1.501
0	-10.152	-2.838	-1.493
0	-10.158	-2.844	-1.487
0	-10.165	-2.851	-1.479
0	-10.170	-2.859	-1.471
0	-10.176	-2.867	-1.463
0	-10.180	-2.874	-1.456
0	-10.183	-2.880	-1.449
0	-10.187	-2.886	-1.442
0	-10.191	-2.893	-1.434
0	-10.194	-2.899	-1.426
0	-10.198	-2.906	-1.418
0	-10.201	-2.912	-1.410
0	-10.204	-2.918	-1.402
0	-10.208	-2.926	-1.391
0	-10.211	-2.935	-1.380
0	-10.214	-2.943	-1.370
0	-10.217	-2.949	-1.362
0	-10.219	-2.955	-1.354
0	-10.221	-2.962	-1.346
0	-10.223	-2.968	-1.338
0	-10.226	-2.975	-1.330
0	-10.229	-2.983	-1.321
0	-10.231	-2.991	-1.312
0	-10.234	-2.998	-1.305
0	-10.236	-3.006	-1.297
0	-10.239	-3.015	-1.287
0	-10.243	-3.023	-1.277
0	-10.246	-3.030	-1.268
0	-10.249	-3.036	-1.261
0	-10.252	-3.042	-1.254
0	-10.256	-3.048	-1.246
0	-10.260	-3.053	-1.239
0	-10.265	-3.059	-1.230
0	-10.270	-3.066	-1.220
0	-10.274	-3.072	-1.212
0	-10.279	-3.078	-1.203
0	-10.280	-3.080	-1.200
0	-10.282	-3.082	-1.196
0	-10.284	-3.085	-1.193
0	-10.287	-3.088	-1.187
0	-10.289	-3.093	-1.180
0	-10.292	-3.098	-1.171
0	-10.295	-3.104	-1.162
0	-10.297	-3.109	-1.152
0	-10.299	-3.113	-1.145
0	-10.300	-3.119	-1.136
0	-10.301	-3.124	-1.128
0	-10.302	-3.129	-1.121
0	-10.302	-3.134	-1.114
0	-10.302	-3.140	-1.106
0	-10.302	-3.146	-1.098
0	-10.301	-3.151	-1.092
0	-10.300	-3.156	-1.084
0	-10.298	-3.162	-1.075
0	-10.295	-3.168	-1.066
0	-10.291	-3.175	-1.056
0	-10.289	-3.179	-1.048
0	-10.285	-3.185	-1.039
0	-10.281	-3.190	-1.032
0	-10.278	-3.194	-1.024
0	-10.274	-3.199	-1.016
0	-10.273	-3.200	-1.014
0	-10.271	-3.202	-1.009
0	-10.269	-3.204	-1.005
0	-10.266	-3.207	-0.999
0	-10.264	-3.210	-0.991
0	-10.260	-3.215	-0.983
0	-10.258	-3.220	-0.974
0	-10.255	-3.226	-0.966
0	-10.253	-3.231	-0.958
0	-10.250	-3.237	-0.950
0	-10.248	-3.243	-0.943
0	-10.244	-3.250	-0.936
0	-10.241	-3.256	-0.929
0	-10.237	-3.263	-0.923
0	-10.234	-3.269	-0.918
0	-10.231	-3.274	-0.914
0	-10.227	-3.279	-0.910
0	-10.223	-3.285	-0.905
0	-10.219	-3.290	-0.900
0	-10.214	-3.298	-0.894
0	-10.209	-3.303	-0.889
0	-10.204	-3.310	-0.882
0	-10.200	-3.314	-0.877
0	-10.196	-3.319	-0.871
0	-10.192	-3.323	-0.865
0	-10.187	-3.327	-0.858
0	-10.182	-3.331	-0.852
0	-10.176	-3.334	-0.846
0	-10.171	-3.338	-0.840
0	-10.166	-3.341	-0.834
0	-10.160	-3.345	-0.828
0	-10.155	-3.349	-0.822
0	-10.149	-3.354	-0.816
0	-10.143	-3.359	-0.811
0	-10.138	-3.364	-0.806
0	-10.132	-3.370	-0.801
0	-10.128	-3.375	-0.797
0	-10.123	-3.381	-0.792
0	-10.119	-3.387	-0.789
0	-10.115	-3.392	-0.785
0	-10.111	-3.398	-0.781
0	-10.108	-3.404	-0.777
0	-10.104	-3.410	-0.773
0	-10.100	-3.416	-0.770
0	-10.097	-3.423	-0.768
0	-10.093	-3.429	-0.766
0	-10.090	-3.435	-0.764
0	-10.085	-3.444	-0.763
0	-10.081	-3.451	-0.762
0	-10.077	-3.458	-0.761
0	-10.073	-3.465	-0.761
0	-10.069	-3.472	-0.761
0	-10.066	-3.479	-0.761
0	-10.063	-3.486	-0.762
0	-10.060	-3.494	-0.763
0	-10.058	-3.502	-0.764
0	-10.057	-3.509	-0.765
0	-10.056	-3.517	-0.766
0	-10.056	-3.526	-0.768
0	-10.056	-3.536	-0.770
0	-10.057	-3.545	-0.772
0	-10.058	-3.554	-0.773
0	-10.060	-3.564	-0.774
0	-10.062	-3.573	-0.774
0	-10.065	-3.582	-0.774
0	-10.068	-3.593	-0.772
0	-10.070	-3.598	-0.771
0	-10.071	-3.600	-0.770
0	-10.071	-3.602	-0.770
0	-10.074	-3.610	-0.768
0	-10.077	-3.618	-0.766
0	-10.081	-3.625	-0.764
0	-10.084	-3.633	-0.762
0	-10.087	-3.640	-0.759
0	-10.090	-3.647	-0.758
0	-10.093	-3.653	-0.756
0	-10.096	-3.660	-0.754
0	-10.100	-3.668	-0.752
0	-10.103	-3.676	-0.749
0	-10.106	-3.685	-0.747
0	-10.109	-3.693	-0.744
0	-10.112	-3.702	-0.742
0	-10.114	-3.709	-0.740
0	-10.117	-3.717	-0.739
0	-10.119	-3.723	-0.737
0	-10.121	-3.730	-0.736
0	-10.125	-3.740	-0.736
0	-10.128	-3.747	-0.736
0	-10.132	-3.754	-0.737
0	-10.136	-3.761	-0.738
0	-10.140	-3.768	-0.740
0	-10.145	-3.776	-0.742
0	-10.150	-3.782	-0.745
0	-10.155	-3.788	-0.748
0	-10.161	-3.796	-0.752
0	-10.164	-3.799	-0.754
0	-10.168	-3.804	-0.756
0	-10.171	-3.808	-0.757
0	-10.177	-3.814	-0.759
0	-10.183	-3.821	-0.761
0	-10.189	-3.828	-0.761
0	-10.195	-3.834	-0.761
0	-10.201	-3.840	-0.760
0	-10.207	-3.848	-0.759
0	-10.212	-3.854	-0.757
0	-10.216	-3.860	-0.755
0	-10.220	-3.866	-0.753
0	-10.223	-3.872	-0.752
0	-10.228	-3.879	-0.750
0	-10.233	-3.887	-0.748
0	-10.238	-3.894	-0.746
0	-10.243	-3.899	-0.744
0	-10.248	-3.906	-0.742
0	-10.254	-3.913	-0.740
0	-10.260	-3.919	-0.738
0	-10.266	-3.924	-0.737
0	-10.272	-3.930	-0.734
0	-10.279	-3.935	-0.732
0	-10.286	-3.941	-0.729
0	-10.294	-3.947	-0.727
0	-10.299	-3.952	-0.725
0	-10.303	-3.955	-0.724
0	-10.306	-3.958	-0.723
0	-10.313	-3.964	-0.720
0	-10.319	-3.969	-0.717
0	-10.325	-3.975	-0.713
0	-10.330	-3.980	-0.710
0	-10.335	-3.985	-0.706
0	-10.340	-3.989	-0.702
0	-10.341	-3.990	-0.700
0	-10.346	-3.993	-0.695
0	-10.350	-3.995	-0.690
0	-10.355	-3.998	-0.683
0	-10.358	-4.000	-0.679
0	-10.361	-4.001	-0.675
0	-10.363	-4.002	-0.672
0	-10.366	-4.003	-0.667
0	-10.370	-4.004	-0.658
0	-10.374	-4.005	-0.651
0	-10.379	-4.006	-0.644
0	-10.383	-4.006	-0.637
0	-10.387	-4.006	-0.632
0	-10.391	-4.006	-0.627
0	-10.395	-4.006	-0.621
0	-10.400	-4.006	-0.615
0	-10.403	-4.006	-0.611
0	-10.405	-4.007	-0.607
0	-10.410	-4.007	-0.600
0	-10.415	-4.007	-0.592
0	-10.420	-4.008	-0.586
0	-10.424	-4.008	-0.579
0	-10.429	-4.009	-0.571
0	-10.434	-4.009	-0.565
0	-10.438	-4.008	-0.559
0	-10.443	-4.007	-0.553
0	-10.451	-4.005	-0.543
0	-10.456	-4.003	-0.538
0	-10.461	-4.001	-0.533
0	-10.465	-4.000	-0.529
0	-10.468	-3.999	-0.526
0	-10.471	-3.997	-0.523
0	-10.475	-3.996	-0.519
0	-10.479	-3.993	-0.514
0	-10.483	-3.990	-0.509
0	-10.487	-3.987	-0.504
0	-10.490	-3.985	-0.501
0	-10.493	-3.983	-0.497
0	-10.496	-3.982	-0.494
0	-10.499	-3.980	-0.491
0	-10.503	-3.979	-0.488
0	-10.506	-3.978	-0.485
0	-10.510	-3.976	-0.481
0	-10.516	-3.974	-0.476
0	-10.522	-3.973	-0.471
0	-10.530	-3.972	-0.466
0	-10.537	-3.971	-0.463
0	-10.544	-3.971	-0.460
0	-10.549	-3.972	-0.457
0	-10.556	-3.972	-0.454
0	-10.564	-3.973	-0.451
0	-10.570	-3.974	-0.447
0	-10.575	-3.974	-0.444
0	-10.580	-3.975	-0.441
0	-10.584	-3.975	-0.438
0	-10.589	-3.976	-0.435
0	-10.596	-3.977	-0.429
0	-10.602	-3.979	-0.423
0	-10.608	-3.982	-0.416
0	-10.614	-3.985	-0.409
0	-10.619	-3.986	-0.403
0	-10.621	-3.987	-0.400
0	-10.623	-3.987	-0.397
0	-10.625	-3.988	-0.394
0	-10.631	-3.989	-0.388
0	-10.635	-3.990	-0.383
0	-10.640	-3.991	-0.377
0	-10.644	-3.993	-0.373
0	-10.647	-3.994	-0.369
0	-10.651	-3.996	-0.365
0	-10.655	-3.999	-0.362
0	-10.657	-4.000	-0.360
0	-10.659	-4.001	-0.359
0	-10.661	-4.002	-0.357
0	-10.664	-4.005	-0.355
0	-10.669	-4.008	-0.351
0	-10.673	-4.012	-0.346
0	-10.677	-4.015	-0.342
0	-10.681	-4.018	-0.338
0	-10.686	-4.021	-0.333
0	-10.691	-4.024	-0.329
0	-10.695	-4.026	-0.325
0	-10.699	-4.028	-0.320
0	-10.700	-4.029	-0.319
0	-10.702	-4.029	-0.317
0	-10.704	-4.030	-0.315
0	-10.710	-4.030	-0.308
0	-10.716	-4.029	-0.303
0	-10.721	-4.027	-0.298
0	-10.728	-4.025	-0.294
0	-10.737	-4.021	-0.290
0	-10.743	-4.019	-0.288
0	-10.750	-4.017	-0.286
0	-10.755	-4.016	-0.286
0	-10.762	-4.014	-0.285
0	-10.770	-4.012	-0.284
0	-10.778	-4.010	-0.284
0	-10.786	-4.008	-0.285
0	-10.794	-4.006	-0.286
0	-10.799	-4.005	-0.288
0	-10.804	-4.003	-0.290
0	-10.810	-4.001	-0.294
0	-10.813	-4.000	-0.296
0	-10.814	-4.000	-0.296
0	-10.816	-3.999	-0.298
0	-10.818	-3.998	-0.300
0	-10.822	-3.997	-0.304
0	-10.826	-3.995	-0.308
0	-10.830	-3.992	-0.312
0	-10.834	-3.990	-0.316
0	-10.839	-3.987	-0.320
0	-10.843	-3.984	-0.324
0	-10.847	-3.981	-0.328
0	-10.851	-3.978	-0.331
0	-10.855	-3.975	-0.334
0	-10.859	-3.972	-0.337
0	-10.865	-3.967	-0.341
0	-10.870	-3.964	-0.345
0	-10.876	-3.960	-0.348
0	-10.881	-3.956	-0.352
0	-10.887	-3.952	-0.355
0	-10.894	-3.947	-0.358
0	-10.898	-3.944	-0.361
0	-10.900	-3.943	-0.361
0	-10.903	-3.941	-0.363
0	-10.907	-3.939	-0.364
0	-10.912	-3.936	-0.366
0	-10.917	-3.933	-0.368
0	-10.923	-3.929	-0.369
0	-10.929	-3.925	-0.370
0	-10.935	-3.921	-0.371
0	-10.940	-3.917	-0.372
0	-10.946	-3.913	-0.373
0	-10.951	-3.909	-0.374
0	-10.957	-3.904	-0.375
0	-10.963	-3.900	-0.377
0	-10.969	-3.896	-0.379
0	-10.976	-3.893	-0.381
0	-10.982	-3.889	-0.383
0	-10.988	-3.887	-0.384
0	-10.993	-3.884	-0.385
0	-10.999	-3.881	-0.386
0	-11.003	-3.879	-0.387
0	-11.007	-3.878	-0.387
0	-11.014	-3.874	-0.388
0	-11.022	-3.871	-0.388
0	-11.030	-3.867	-0.387
0	-11.038	-3.864	-0.386
0	-11.044	-3.862	-0.384
0	-11.051	-3.859	-0.382
0	-11.058	-3.857	-0.380
0	-11.063	-3.856	-0.378
0	-11.070	-3.854	-0.375
0	-11.076	-3.852	-0.372
0	-11.083	-3.851	-0.368
0	-11.088	-3.851	-0.366
0	-11.093	-3.851	-0.363
0	-11.097	-3.851	-0.361
0	-11.100	-3.851	-0.360
0	-11.103	-3.851	-0.358
0	-11.106	-3.851	-0.356
0	-11.112	-3.852	-0.353
0	-11.118	-3.853	-0.350
0	-11.124	-3.855	-0.347
0	-11.129	-3.856	-0.345
0	-11.135	-3.858	-0.343
0	-11.142	-3.861	-0.342
0	-11.147	-3.864	-0.341
0	-11.151	-3.867	-0.340
0	-11.156	-3.870	-0.340
0	-11.161	-3.874	-0.340
0	-11.166	-3.878	-0.340
0	-11.171	-3.884	-0.341
0	-11.175	-3.887	-0.343
0	-11.178	-3.891	-0.344
0	-11.182	-3.897	-0.346
0	-11.187	-3.902	-0.348
0	-11.191	-3.908	-0.350
0	-11.195	-3.913	-0.353
0	-11.199	-3.918	-0.357
0	-11.203	-3.923	-0.360
0	-11.207	-3.927	-0.364
0	-11.211	-3.931	-0.368
0	-11.215	-3.934	-0.372
0	-11.220	-3.938	-0.377
0	-11.226	-3.941	-0.381
0	-11.232	-3.944	-0.386
0	-11.238	-3.946	-0.390
0	-11.244	-3.947	-0.394
0	-11.250	-3.949	-0.398
0	-11.258	-3.950	-0.401
0	-11.269	-3.952	-0.405
0	-11.276	-3.953	-0.406
0	-11.284	-3.955	-0.406
0	-11.292	-3.955	-0.406
0	-11.300	-3.955	-0.405
0	-11.307	-3.955	-0.403
0	-11.314	-3.955	-0.401
0	-11.320	-3.954	-0.398
0	-11.326	-3.953	-0.395
0	-11.332	-3.953	-0.392
0	-11.338	-3.952	-0.388
0	-11.346	-3.952	-0.383
0	-11.354	-3.952	-0.378
0	-11.360	-3.952	-0.373
0	-11.366	-3.954	-0.367
0	-11.371	-3.955	-0.362
0	-11.376	-3.957	-0.356
0	-11.381	-3.959	-0.349
0	-11.385	-3.961	-0.342
0	-11.387	-3.963	-0.336
0	-11.389	-3.965	-0.330
0	-11.391	-3.968	-0.322
0	-11.393	-3.971	-0.314
0	-11.393	-3.973	-0.308
0	-11.393	-3.974	-0.302
0	-11.393	-3.976	-0.296
0	-11.392	-3.978	-0.290
0	-11.390	-3.979	-0.283
0	-11.389	-3.981	-0.277
0	-11.386	-3.982	-0.270
0	-11.384	-3.984	-0.264
0	-11.381	-3.985	-0.258
0	-11.379	-3.986	-0.252
0	-11.377	-3.988	-0.247
0	-11.375	-3.989	-0.240
0	-11.372	-3.991	-0.234
0	-11.370	-3.992	-0.228
0	-11.368	-3.992	-0.222
0	-11.364	-3.992	-0.214
0	-11.361	-3.991	-0.208
0	-11.358	-3.990	-0.202
0	-11.355	-3.988	-0.196
0	-11.351	-3.986	-0.191
0	-11.348	-3.985	-0.186
0	-11.344	-3.983	-0.181
0	-11.340	-3.981	-0.175
0	-11.335	-3.981	-0.170
0	-11.330	-3.980	-0.165
0	-11.325	-3.979	-0.160
0	-11.320	-3.979	-0.155
0	-11.314	-3.979	-0.149
0	-11.310	-3.978	-0.145
0	-11.305	-3.977	-0.141
0	-11.301	-3.976	-0.137
0	-11.296	-3.975	-0.133
0	-11.292	-3.974	-0.129
0	-11.286	-3.972	-0.126
0	-11.281	-3.971	-0.122
0	-11.274	-3.970	-0.119
0	-11.268	-3.970	-0.116
0	-11.262	-3.969	-0.113
0	-11.255	-3.968	-0.111
0	-11.250	-3.966	-0.109
0	-11.244	-3.965	-0.108
0	-11.238	-3.964	-0.107
0	-11.230	-3.962	-0.107
0	-11.222	-3.961	-0.107
0	-11.214	-3.960	-0.107
0	-11.208	-3.960	-0.107
0	-11.202	-3.959	-0.108
0	-11.200	-3.958	-0.108
0	-11.197	-3.958	-0.109
0	-11.194	-3.957	-0.109
0	-11.186	-3.955	-0.110
0	-11.178	-3.954	-0.111
0	-11.170	-3.952	-0.111
0	-11.165	-3.951	-0.111
0	-11.160	-3.950	-0.110
0	-11.154	-3.949	-0.109
0	-11.148	-3.948	-0.108
0	-11.142	-3.947	-0.107
0	-11.136	-3.945	-0.106
0	-11.130	-3.944	-0.105
0	-11.122	-3.942	-0.104
0	-11.116	-3.941	-0.103
0	-11.109	-3.940	-0.102
0	-11.100	-3.940	-0.100
0	-11.092	-3.941	-0.099
0	-11.084	-3.942	-0.097
0	-11.076	-3.945	-0.094
0	-11.068	-3.947	-0.091
0	-11.061	-3.948	-0.089
0	-11.052	-3.949	-0.086
0	-11.047	-3.949	-0.084
0	-11.040	-3.948	-0.083
0	-11.034	-3.947	-0.082
0	-11.028	-3.946	-0.080
0	-11.023	-3.945	-0.078
0	-11.018	-3.942	-0.076
0	-11.012	-3.940	-0.073
0	-11.006	-3.936	-0.070
0	-11.001	-3.933	-0.067
0	-11.000	-3.932	-0.066
0	-10.998	-3.930	-0.064
0	-10.996	-3.928	-0.063
0	-10.992	-3.924	-0.059
0	-10.989	-3.921	-0.057
0	-10.986	-3.918	-0.054
0	-10.980	-3.912	-0.049
0	-10.974	-3.907	-0.044
0	-10.968	-3.903	-0.040
0	-10.963	-3.899	-0.036
0	-10.957	-3.894	-0.033
0	-10.952	-3.890	-0.030
0	-10.947	-3.885	-0.028
0	-10.942	-3.880	-0.025
0	-10.938	-3.876	-0.022
0	-10.933	-3.872	-0.019
0	-10.929	-3.868	-0.016
0	-10.924	-3.865	-0.014
0	-10.919	-3.862	-0.012
0	-10.914	-3.859	-0.011
0	-10.908	-3.856	-0.010
0	-10.903	-3.853	-0.009
0	-10.897	-3.850	-0.009
0	-10.891	-3.847	-0.009
0	-10.884	-3.844	-0.009
0	-10.878	-3.840	-0.009
0	-10.873	-3.837	-0.009
0	-10.867	-3.832	-0.008
0	-10.863	-3.829	-0.008
0	-10.858	-3.824	-0.007
0	-10.853	-3.819	-0.006
0	-10.849	-3.814	-0.005
0	-10.844	-3.809	-0.005
0	-10.841	-3.805	-0.005
0	-10.838	-3.799	-0.005
0	-10.835	-3.792	-0.006
0	-10.832	-3.784	-0.006
0	-10.829	-3.776	-0.007
0	-10.828	-3.771	-0.008
0	-10.827	-3.764	-0.009
0	-10.826	-3.757	-0.011
0	-10.824	-3.748	-0.014
0	-10.823	-3.742	-0.017
0	-10.822	-3.736	-0.020
0	-10.821	-3.729	-0.023
0	-10.820	-3.723	-0.027
0	-10.820	-3.717	-0.031
0	-10.820	-3.711	-0.035
0	-10.820	-3.705	-0.040
0	-10.821	-3.699	-0.045
0	-10.822	-3.694	-0.051
0	-10.823	-3.690	-0.058
0	-10.826	-3.688	-0.065
0	-10.828	-3.686	-0.071
0	-10.832	-3.685	-0.077
0	-10.835	-3.684	-0.082
0	-10.840	-3.683	-0.087
0	-10.846	-3.681	-0.090
0	-10.853	-3.679	-0.092
0	-10.859	-3.678	-0.092
0	-10.866	-3.676	-0.092
0	-10.874	-3.673	-0.090
0	-10.882	-3.670	-0.086
0	-10.888	-3.667	-0.081
0	-10.891	-3.665	-0.077
0	-10.894	-3.663	-0.072
0	-10.897	-3.661	-0.067
0	-10.899	-3.660	-0.063
0	-10.900	-3.659	-0.061
0	-10.901	-3.658	-0.058
0	-10.902	-3.657	-0.056
0	-10.904	-3.655	-0.051
0	-10.907	-3.652	-0.046
0	-10.910	-3.650	-0.041
0	-10.915	-3.646	-0.034
0	-10.920	-3.643	-0.029
0	-10.924	-3.641	-0.026
0	-10.928	-3.639	-0.022
0	-10.932	-3.636	-0.019
0	-10.938	-3.633	-0.016
0	-10.943	-3.629	-0.013
0	-10.950	-3.624	-0.010
0	-10.955	-3.621	-0.008
0	-10.960	-3.617	-0.006
0	-10.965	-3.613	-0.004
0	-10.970	-3.609	-0.003
0	-10.975	-3.605	-0.001
0	-10.980	-3.602	0.001
0	-10.982	-3.600	0.002
0	-10.990	-3.594	0.006
0	-10.995	-3.589	0.010
0	-10.999	-3.586	0.014
0	-11.002	-3.582	0.019
0	-11.005	-3.579	0.024
0	-11.007	-3.576	0.029
0	-11.008	-3.572	0.035
0	-11.008	-3.569	0.042
0	-11.008	-3.566	0.049
0	-11.007	-3.563	0.055
0	-11.005	-3.561	0.062
0	-11.004	-3.559	0.067
0	-11.001	-3.557	0.076
0	-11.000	-3.557	0.079
0	-11.000	-3.556	0.079
0	-10.999	-3.556	0.083
0	-10.998	-3.556	0.086
0	-10.996	-3.555	0.091
0	-10.993	-3.555	0.098
0	-10.992	-3.555	0.100
0	-10.991	-3.556	0.103
0	-10.989	-3.556	0.107
0	-10.986	-3.556	0.112
0	-10.983	-3.557	0.118
0	-10.979	-3.557	0.124
0	-10.976	-3.558	0.130
0	-10.974	-3.558	0.136
0	-10.970	-3.560	0.142
0	-10.966	-3.562	0.149
0	-10.963	-3.564	0.155
0	-10.960	-3.567	0.160
0	-10.957	-3.570	0.165
0	-10.953	-3.575	0.173
0	-10.951	-3.580	0.179
0	-10.949	-3.583	0.184
0	-10.948	-3.587	0.188
0	-10.947	-3.590	0.191
0	-10.947	-3.595	0.195
0	-10.947	-3.599	0.198
0	-10.947	-3.601	0.200
0	-10.948	-3.607	0.204
0	-10.949	-3.614	0.208
0	-10.950	-3.619	0.211
0	-10.952	-3.626	0.216
0	-10.954	-3.633	0.221
0	-10.956	-3.638	0.227
0	-10.957	-3.642	0.232
0	-10.958	-3.645	0.237
0	-10.959	-3.650	0.244
0	-10.960	-3.653	0.251
0	-10.960	-3.656	0.258
0	-10.961	-3.658	0.264
0	-10.960	-3.660	0.270
0	-10.959	-3.662	0.277
0	-10.957	-3.664	0.283
0	-10.955	-3.665	0.290
0	-10.952	-3.666	0.295
0	-10.950	-3.667	0.299
0	-10.949	-3.667	0.300
0	-10.947	-3.668	0.303
0	-10.945	-3.668	0.305
0	-10.943	-3.668	0.309
0	-10.939	-3.669	0.314
0	-10.935	-3.669	0.318
0	-10.930	-3.668	0.323
0	-10.924	-3.668	0.328
0	-10.919	-3.668	0.332
0	-10.914	-3.667	0.335
0	-10.909	-3.666	0.339
0	-10.904	-3.666	0.341
0	-10.900	-3.665	0.344
0	-10.893	-3.664	0.349
0	-10.886	-3.663	0.353
0	-10.880	-3.663	0.357
0	-10.874	-3.663	0.361
0	-10.868	-3.663	0.366
0	-10.863	-3.663	0.370
0	-10.858	-3.664	0.376
0	-10.853	-3.665	0.381
0	-10.849	-3.666	0.387
0	-10.843	-3.667	0.394
0	-10.838	-3.668	0.400
0	-10.833	-3.669	0.406
0	-10.829	-3.669	0.411
0	-10.823	-3.670	0.418
0	-10.818	-3.672	0.424
0	-10.813	-3.673	0.429
0	-10.808	-3.675	0.435
0	-10.802	-3.676	0.440
0	-10.800	-3.677	0.442
0	-10.797	-3.677	0.446
0	-10.792	-3.678	0.450
0	-10.786	-3.679	0.456
0	-10.778	-3.680	0.462
0	-10.770	-3.680	0.468
0	-10.760	-3.680	0.475
0	-10.753	-3.679	0.480
0	-10.748	-3.678	0.483
0	-10.744	-3.677	0.486
0	-10.738	-3.675	0.490
0	-10.731	-3.672	0.495
0	-10.725	-3.669	0.499
0	-10.718	-3.666	0.504
0	-10.712	-3.664	0.507
0	-10.706	-3.661	0.510
0	-10.698	-3.658	0.514
0	-10.690	-3.655	0.518
0	-10.683	-3.652	0.522
0	-10.676	-3.649	0.526
0	-10.668	-3.644	0.529
0	-10.662	-3.641	0.531
0	-10.656	-3.637	0.533
0	-10.649	-3.633	0.535
0	-10.642	-3.629	0.537
0	-10.636	-3.626	0.539
0	-10.629	-3.623	0.540
0	-10.622	-3.621	0.542
0	-10.616	-3.619	0.543
0	-10.609	-3.617	0.544
0	-10.603	-3.615	0.545
0	-10.597	-3.614	0.546
0	-10.591	-3.612	0.547
0	-10.583	-3.610	0.547
0	-10.576	-3.608	0.548
0	-10.569	-3.605	0.548
0	-10.562	-3.603	0.549
0	-10.556	-3.601	0.550
0	-10.550	-3.599	0.551
0	-10.544	-3.597	0.552
0	-10.537	-3.594	0.554
0	-10.531	-3.592	0.556
0	-10.525	-3.590	0.558
0	-10.518	-3.588	0.560
0	-10.507	-3.586	0.562
0	-10.501	-3.585	0.563
0	-10.493	-3.585	0.563
0	-10.486	-3.584	0.563
0	-10.477	-3.584	0.563
0	-10.469	-3.584	0.563
0	-10.462	-3.583	0.563
0	-10.454	-3.583	0.564
0	-10.448	-3.582	0.565
0	-10.442	-3.581	0.566
0	-10.432	-3.579	0.567
0	-10.424	-3.577	0.569
0	-10.415	-3.575	0.571
0	-10.410	-3.574	0.572
0	-10.404	-3.572	0.574
0	-10.398	-3.570	0.575
0	-10.391	-3.567	0.576
0	-10.385	-3.565	0.578
0	-10.378	-3.562	0.580
0	-10.370	-3.559	0.582
0	-10.362	-3.556	0.585
0	-10.356	-3.555	0.587
0	-10.351	-3.553	0.590
0	-10.345	-3.552	0.593
0	-10.338	-3.550	0.598
0	-10.335	-3.549	0.600
0	-10.330	-3.547	0.603
0	-10.325	-3.546	0.607
0	-10.316	-3.543	0.613
0	-10.308	-3.540	0.618
0	-10.301	-3.538	0.622
0	-10.294	-3.536	0.625
0	-10.288	-3.534	0.629
0	-10.281	-3.532	0.632
0	-10.274	-3.530	0.635
0	-10.266	-3.527	0.639
0	-10.259	-3.525	0.643
0	-10.253	-3.522	0.646
0	-10.245	-3.520	0.650
0	-10.237	-3.517	0.654
0	-10.230	-3.515	0.657
0	-10.221	-3.513	0.660
0	-10.214	-3.511	0.662
0	-10.208	-3.510	0.664
0	-10.202	-3.509	0.665
0	-10.196	-3.508	0.666
0	-10.188	-3.507	0.668
0	-10.181	-3.506	0.670
0	-10.173	-3.505	0.672
0	-10.165	-3.504	0.674
0	-10.156	-3.503	0.675
0	-10.148	-3.502	0.677
0	-10.140	-3.502	0.679
0	-10.131	-3.501	0.681
0	-10.124	-3.502	0.682
0	-10.117	-3.502	0.684
0	-10.108	-3.502	0.687
0	-10.101	-3.503	0.689
0	-10.094	-3.504	0.692
0	-10.086	-3.504	0.695
0	-10.080	-3.505	0.699
0	-10.073	-3.505	0.703
0	-10.068	-3.506	0.707
0	-10.063	-3.506	0.711
0	-10.058	-3.507	0.715
0	-10.052	-3.507	0.720
0	-10.047	-3.508	0.724
0	-10.042	-3.509	0.729
0	-10.035	-3.510	0.735
0	-10.028	-3.511	0.742
0	-10.022	-3.512	0.748
0	-10.016	-3.514	0.755
0	-10.010	-3.516	0.762
0	-10.006	-3.517	0.768
0	-10.001	-3.519	0.774
0	-9.997	-3.520	0.781
0	-9.993	-3.521	0.787
0	-9.989	-3.523	0.794
0	-9.985	-3.525	0.802
0	-9.982	-3.526	0.808
0	-9.979	-3.527	0.814
0	-9.976	-3.528	0.822
0	-9.972	-3.529	0.832
0	-9.969	-3.529	0.840
0	-9.966	-3.529	0.848
0	-9.963	-3.529	0.856
0	-9.959	-3.528	0.864
0	-9.956	-3.526	0.873
0	-9.951	-3.524	0.881
0	-9.947	-3.522	0.890
0	-9.943	-3.520	0.898
0	-9.939	-3.516	0.906
0	-9.935	-3.513	0.914
0	-9.931	-3.509	0.922
0	-9.929	-3.506	0.928
0	-9.926	-3.503	0.933
0	-9.922	-3.499	0.940
0	-9.918	-3.495	0.946
0	-9.914	-3.490	0.953
0	-9.909	-3.484	0.960
0	-9.904	-3.479	0.967
0	-9.900	-3.473	0.973
0	-9.895	-3.467	0.980
0	-9.890	-3.461	0.987
0	-9.886	-3.455	0.995
0	-9.882	-3.449	1.002
0	-9.878	-3.441	1.010
0	-9.874	-3.431	1.021
0	-9.872	-3.424	1.029
0	-9.869	-3.417	1.037
0	-9.867	-3.410	1.044
0	-9.865	-3.404	1.051
0	-9.863	-3.397	1.058
0	-9.861	-3.389	1.066
0	-9.858	-3.380	1.074
0	-9.856	-3.372	1.082
0	-9.854	-3.366	1.088
0	-9.852	-3.359	1.094
0	-9.850	-3.353	1.100
0	-9.847	-3.346	1.106
0	-9.844	-3.337	1.114
0	-9.841	-3.330	1.121
0	-9.838	-3.323	1.128
0	-9.834	-3.315	1.135
0	-9.831	-3.308	1.141
0	-9.827	-3.301	1.148
0	-9.823	-3.294	1.155
0	-9.818	-3.285	1.163
0	-9.813	-3.276	1.172
0	-9.808	-3.268	1.179
0	-9.805	-3.261	1.187
0	-9.800	-3.251	1.196
0	-9.797	-3.242	1.205
0	-9.793	-3.232	1.214
0	-9.790	-3.223	1.222
0	-9.787	-3.214	1.230
0	-9.784	-3.205	1.237
0	-9.781	-3.197	1.244
0	-9.778	-3.188	1.251
0	-9.775	-3.179	1.259
0	-9.772	-3.169	1.267
0	-9.769	-3.160	1.274
0	-9.766	-3.152	1.282
0	-9.764	-3.144	1.288
0	-9.762	-3.136	1.294
0	-9.759	-3.127	1.301
0	-9.757	-3.119	1.308
0	-9.755	-3.111	1.314
0	-9.754	-3.104	1.320
0	-9.753	-3.096	1.326
0	-9.752	-3.089	1.333
0	-9.751	-3.082	1.339
0	-9.750	-3.074	1.346
0	-9.749	-3.066	1.353
0	-9.749	-3.058	1.360
0	-9.748	-3.048	1.368
0	-9.748	-3.038	1.376
0	-9.749	-3.031	1.382
0	-9.749	-3.024	1.388
0	-9.750	-3.015	1.395
0	-9.752	-3.009	1.401
0	-9.753	-3.002	1.406
0	-9.755	-2.994	1.413
0	-9.758	-2.984	1.420
0	-9.760	-2.975	1.427
0	-9.762	-2.966	1.434
0	-9.765	-2.957	1.441
0	-9.766	-2.947	1.448
0	-9.768	-2.935	1.456
0	-9.769	-2.924	1.463
0	-9.770	-2.916	1.470
0	-9.772	-2.907	1.476
0	-9.773	-2.899	1.482
0	-9.774	-2.891	1.488
0	-9.774	-2.884	1.494
0	-9.775	-2.877	1.500
0	-9.776	-2.867	1.508
0	-9.776	-2.859	1.515
0	-9.776	-2.851	1.523
0	-9.776	-2.842	1.531
0	-9.777	-2.833	1.539
0	-9.778	-2.824	1.548
0	-9.779	-2.818	1.554
0	-9.780	-2.810	1.561
0	-9.781	-2.802	1.570
0	-9.782	-2.793	1.579
0	-9.783	-2.787	1.586
0	-9.784	-2.780	1.593
0	-9.786	-2.773	1.601
0	-9.787	-2.767	1.608
0	-9.788	-2.758	1.618
0	-9.790	-2.750	1.628
0	-9.790	-2.743	1.635
0	-9.791	-2.737	1.642
0	-9.791	-2.730	1.650
0	-9.792	-2.724	1.657
0	-9.791	-2.718	1.664
0	-9.791	-2.710	1.672
0	-9.791	-2.703	1.680
0	-9.790	-2.696	1.687
0	-9.789	-2.688	1.695
0	-9.788	-2.680	1.703
0	-9.787	-2.674	1.710
0	-9.787	-2.666	1.718
0	-9.786	-2.658	1.726
0	-9.786	-2.649	1.735
0	-9.786	-2.641	1.743
0	-9.786	-2.633	1.751
0	-9.787	-2.626	1.758
0	-9.788	-2.618	1.766
0	-9.789	-2.610	1.774
0	-9.791	-2.602	1.781
0	-9.792	-2.595	1.788
0	-9.794	-2.588	1.794
0	-9.797	-2.579	1.802
0	-9.800	-2.570	1.810
0	-9.802	-2.561	1.818
0	-9.805	-2.552	1.827
0	-9.807	-2.545	1.833
0	-9.808	-2.538	1.838
0	-9.811	-2.529	1.845
0	-9.813	-2.520	1.853
0	-9.816	-2.511	1.861
0	-9.818	-2.503	1.869
0	-9.820	-2.494	1.877
0	-9.822	-2.485	1.885
0	-9.823	-2.477	1.893
0	-9.824	-2.470	1.899
0	-9.826	-2.458	1.910
0	-9.827	-2.447	1.920
0	-9.827	-2.439	1.927
0	-9.827	-2.431	1.935
0	-9.827	-2.424	1.941
0	-9.827	-2.418	1.947
0	-9.827	-2.411	1.954
0	-9.826	-2.403	1.963
0	-9.826	-2.398	1.967
0	-9.825	-2.393	1.972
0	-9.825	-2.386	1.979
0	-9.824	-2.378	1.988
0	-9.823	-2.370	1.996
0	-9.823	-2.362	2.003
0	-9.822	-2.352	2.013
0	-9.821	-2.342	2.023
0	-9.820	-2.333	2.032
0	-9.819	-2.317	2.048
0	-9.819	-2.308	2.058
0	-9.819	-2.300	2.068
0	-9.819	-2.292	2.077
0	-9.819	-2.284	2.086
0	-9.819	-2.278	2.093
0	-9.820	-2.272	2.099
0	-9.820	-2.265	2.107
0	-9.820	-2.257	2.116
0	-9.820	-2.247	2.127
0	-9.819	-2.240	2.136
0	-9.817	-2.232	2.146
0	-9.815	-2.224	2.155
0	-9.814	-2.218	2.162
0	-9.812	-2.210	2.172
0	-9.810	-2.203	2.179
0	-9.809	-2.198	2.185
0	-9.808	-2.192	2.190
0	-9.806	-2.184	2.197
0	-9.804	-2.176	2.205
0	-9.803	-2.168	2.211
0	-9.801	-2.160	2.218
0	-9.798	-2.149	2.226
0	-9.797	-2.140	2.232
0	-9.795	-2.131	2.238
0	-9.794	-2.123	2.243
0	-9.792	-2.114	2.249
0	-9.791	-2.105	2.256
0	-9.790	-2.099	2.259
0	-9.789	-2.094	2.263
0	-9.788	-2.084	2.270
0	-9.787	-2.073	2.278
0	-9.786	-2.064	2.284
0	-9.785	-2.055	2.290
0	-9.785	-2.045	2.296
0	-9.783	-2.035	2.302
0	-9.783	-2.023	2.308
0	-9.782	-2.012	2.313
0	-9.782	-2.000	2.319
0	-9.782	-1.988	2.325
0	-9.782	-1.977	2.331
0	-9.782	-1.966	2.336
0	-9.783	-1.956	2.341
0	-9.783	-1.943	2.348
0	-9.784	-1.934	2.353
0	-9.785	-1.924	2.358
0	-9.785	-1.912	2.365
0	-9.786	-1.904	2.370
0	-9.786	-1.895	2.375
0	-9.787	-1.887	2.379
0	-9.788	-1.879	2.384
0	-9.788	-1.868	2.389
0	-9.789	-1.858	2.395
0	-9.790	-1.847	2.400
0	-9.791	-1.833	2.406
0	-9.793	-1.818	2.412
0	-9.796	-1.806	2.417
0	-9.799	-1.793	2.423
0	-9.800	-1.788	2.425
0	-9.801	-1.783	2.427
0	-9.803	-1.776	2.430
0	-9.806	-1.766	2.435
0	-9.809	-1.755	2.441
0	-9.811	-1.744	2.446
0	-9.813	-1.733	2.451
0	-9.816	-1.723	2.457
0	-9.818	-1.714	2.461
0	-9.820	-1.706	2.466
0	-9.821	-1.700	2.468
0	-9.823	-1.691	2.473
0	-9.826	-1.679	2.479
0	-9.827	-1.671	2.483
0	-9.829	-1.662	2.486
0	-9.831	-1.652	2.491
0	-9.833	-1.643	2.495
0	-9.835	-1.633	2.499
0	-9.837	-1.624	2.503
0	-9.839	-1.614	2.506
0	-9.841	-1.604	2.511
0	-9.844	-1.591	2.516
0	-9.847	-1.579	2.522
0	-9.850	-1.566	2.528
0	-9.853	-1.556	2.533
0	-9.855	-1.545	2.539
0	-9.858	-1.535	2.544
0	-9.860	-1.525	2.549
0	-9.863	-1.515	2.555
0	-9.865	-1.506	2.560
0	-9.867	-1.497	2.566
0	-9.869	-1.487	2.572
0	-9.872	-1.478	2.579
0	-9.875	-1.467	2.586
0	-9.878	-1.456	2.593
0	-9.881	-1.445	2.599
0	-9.883	-1.435	2.605
0	-9.886	-1.425	2.611
0	-9.889	-1.415	2.617
0	-9.891	-1.405	2.622
0	-9.893	-1.400	2.624
0	-9.895	-1.393	2.627
0	-9.897	-1.385	2.631
0	-9.900	-1.377	2.635
0	-9.903	-1.367	2.639
0	-9.907	-1.355	2.644
0	-9.912	-1.341	2.649
0	-9.915	-1.331	2.653
0	-9.919	-1.319	2.657
0	-9.923	-1.306	2.662
0	-9.924	-1.301	2.663
0	-9.927	-1.290	2.666
0	-9.931	-1.278	2.670
0	-9.934	-1.265	2.673
0	-9.938	-1.251	2.676
0	-9.942	-1.239	2.680
0	-9.945	-1.227	2.683
0	-9.949	-1.214	2.686
0	-9.952	-1.203	2.688
0	-9.955	-1.191	2.691
0	-9.958	-1.179	2.693
0	-9.962	-1.165	2.696
0	-9.965	-1.155	2.699
0	-9.966	-1.150	2.700
0	-9.970	-1.140	2.703
0	-9.973	-1.131	2.705
0	-9.977	-1.121	2.708
0	-9.982	-1.111	2.711
0	-9.986	-1.103	2.714
0	-9.990	-1.095	2.717
0	-9.994	-1.086	2.720
0	-10.001	-1.075	2.724
0	-10.007	-1.065	2.728
0	-10.014	-1.054	2.732
0	-10.021	-1.044	2.736
0	-10.028	-1.034	2.740
0	-10.036	-1.024	2.744
0	-10.043	-1.016	2.748
0	-10.049	-1.008	2.751
0	-10.055	-1.000	2.755
0	-10.062	-0.992	2.759
0	-10.070	-0.982	2.763
0	-10.078	-0.971	2.768
0	-10.086	-0.961	2.772
0	-10.093	-0.952	2.776
0	-10.099	-0.945	2.779
0	-10.105	-0.937	2.782
0	-10.111	-0.929	2.785
0	-10.119	-0.919	2.789
0	-10.127	-0.908	2.792
0	-10.135	-0.899	2.796
0	-10.141	-0.890	2.799
0	-10.148	-0.881	2.802
0	-10.156	-0.870	2.805
0	-10.163	-0.860	2.808
0	-10.171	-0.850	2.811
0	-10.178	-0.841	2.814
0	-10.187	-0.830	2.817
0	-10.196	-0.819	2.820
0	-10.200	-0.814	2.821
0	-10.207	-0.805	2.822
0	-10.211	-0.800	2.823
0	-10.216	-0.794	2.824
0	-10.223	-0.787	2.825
0	-10.230	-0.778	2.826
0	-10.238	-0.768	2.827
0	-10.246	-0.758	2.828
0	-10.255	-0.747	2.829
0	-10.264	-0.735	2.830
0	-10.273	-0.722	2.832
0	-10.280	-0.712	2.833
0	-10.288	-0.701	2.835
0	-10.295	-0.691	2.836
0	-10.301	-0.682	2.838
0	-10.307	-0.673	2.840
0	-10.314	-0.663	2.842
0	-10.321	-0.652	2.844
0	-10.327	-0.643	2.845
0	-10.334	-0.633	2.847
0	-10.341	-0.623	2.848
0	-10.348	-0.611	2.850
0	-10.355	-0.600	2.852
0	-10.362	-0.591	2.853
0	-10.368	-0.582	2.855
0	-10.375	-0.570	2.858
0	-10.382	-0.559	2.861
0	-10.389	-0.549	2.864
0	-10.395	-0.540	2.867
0	-10.400	-0.533	2.870
0	-10.405	-0.525	2.873
0	-10.410	-0.517	2.876
0	-10.416	-0.509	2.879
0	-10.422	-0.500	2.882
0	-10.429	-0.490	2.886
0	-10.436	-0.480	2.890
0	-10.444	-0.468	2.895
0	-10.451	-0.458	2.899
0	-10.458	-0.448	2.903
0	-10.465	-0.438	2.908
0	-10.473	-0.427	2.913
0	-10.480	-0.416	2.918
0	-10.487	-0.406	2.924
0	-10.491	-0.400	2.927
0	-10.497	-0.390	2.932
0	-10.501	-0.383	2.936
0	-10.505	-0.377	2.939
0	-10.510	-0.368	2.944
0	-10.516	-0.357	2.950
0	-10.521	-0.347	2.955
0	-10.527	-0.336	2.961
0	-10.533	-0.326	2.966
0	-10.539	-0.315	2.972
0	-10.546	-0.304	2.978
0	-10.553	-0.292	2.983
0	-10.559	-0.284	2.987
0	-10.564	-0.275	2.991
0	-10.570	-0.267	2.995
0	-10.575	-0.259	2.999
0	-10.582	-0.250	3.003
0	-10.589	-0.240	3.008
0	-10.596	-0.231	3.013
0	-10.605	-0.218	3.020
0	-10.613	-0.208	3.025
0	-10.620	-0.199	3.030
0	-10.627	-0.192	3.035
0	-10.633	-0.184	3.039
0	-10.641	-0.175	3.045
0	-10.650	-0.166	3.050
0	-10.658	-0.157	3.056
0	-10.665	-0.148	3.061
0	-10.672	-0.139	3.067
0	-10.680	-0.130	3.074
0	-10.688	-0.120	3.080
0	-10.695	-0.111	3.087
0	-10.700	-0.104	3.092
0	-10.704	-0.099	3.096
0	-10.708	-0.095	3.099
0	-10.714	-0.087	3.105
0	-10.721	-0.078	3.111
0	-10.727	-0.070	3.116
0	-10.733	-0.063	3.122
0	-10.740	-0.055	3.128
0	-10.746	-0.047	3.134
0	-10.755	-0.038	3.141
0	-10.761	-0.031	3.147
0	-10.768	-0.025	3.153
0	-10.775	-0.018	3.159
0	-10.784	-0.011	3.166
0	-10.792	-0.004	3.173
0	-10.798	0.000	3.177
0	-10.804	0.005	3.182
0	-10.813	0.011	3.188
0	-10.821	0.017	3.194
0	-10.830	0.024	3.200
0	-10.841	0.032	3.207
0	-10.850	0.039	3.213
0	-10.859	0.046	3.219
0	-10.869	0.054	3.225
0	-10.879	0.062	3.232
0	-10.888	0.069	3.238
0	-10.897	0.075	3.243
0	-10.906	0.082	3.248
0	-10.917	0.090	3.255
0	-10.926	0.097	3.261
0	-10.936	0.104	3.267
0	-10.946	0.113	3.273
0	-10.957	0.121	3.280
0	-10.965	0.128	3.285
0	-10.973	0.135	3.290
0	-10.982	0.142	3.295
0	-10.993	0.152	3.301
0	-11.003	0.161	3.307
0	-11.012	0.169	3.312
0	-11.021	0.177	3.317
0	-11.030	0.184	3.322
0	-11.041	0.192	3.328
0	-11.055	0.204	3.336
0	-11.064	0.211	3.341
0	-11.074	0.218	3.346
0	-11.087	0.227	3.352
0	-11.099	0.235	3.358
0	-11.110	0.242	3.364
0	-11.121	0.249	3.369
0	-11.133	0.256	3.374
0	-11.145	0.262	3.379
0	-11.160	0.269	3.385
0	-11.174	0.276	3.391
0	-11.192	0.285	3.398
0	-11.201	0.290	3.402
0	-11.211	0.295	3.407
0	-11.223	0.301	3.412
0	-11.235	0.307	3.418
0	-11.249	0.314	3.424
0	-11.263	0.322	3.431
0	-11.277	0.329	3.438
0	-11.287	0.334	3.442
0	-11.297	0.339	3.446
0	-11.308	0.345	3.451
0	-11.321	0.351	3.456
0	-11.334	0.357	3.461
0	-11.350	0.365	3.467
0	-11.367	0.372	3.473
0	-11.378	0.377	3.477
0	-11.389	0.382	3.481
0	-11.402	0.387	3.485
0	-11.416	0.393	3.489
0	-11.429	0.399	3.493
0	-11.445	0.406	3.498
0	-11.461	0.414	3.502
0	-11.477	0.421	3.507
0	-11.491	0.427	3.510
0	-11.505	0.435	3.514
0	-11.519	0.442	3.517
0	-11.534	0.450	3.520
0	-11.546	0.456	3.523
0	-11.557	0.462	3.525
0	-11.568	0.468	3.528
0	-11.578	0.474	3.530
0	-11.590	0.481	3.532
0	-11.601	0.487	3.534
0	-11.612	0.493	3.537
0	-11.626	0.501	3.540
0	-11.644	0.512	3.545
0	-11.659	0.520	3.548
0	-11.669	0.526	3.550
0	-11.681	0.532	3.553
0	-11.693	0.538	3.556
0	-11.701	0.542	3.557
0	-11.708	0.546	3.559
0	-11.719	0.552	3.561
0	-11.729	0.558	3.564
0	-11.740	0.563	3.566
0	-11.750	0.569	3.568
0	-11.759	0.575	3.571
0	-11.770	0.581	3.574
0	-11.780	0.587	3.576
0	-11.791	0.593	3.579
0	-11.803	0.599	3.582
0	-11.815	0.606	3.585
0	-11.826	0.612	3.587
0	-11.838	0.618	3.590
0	-11.850	0.626	3.592
0	-11.861	0.632	3.594
0	-11.874	0.639	3.597
0	-11.886	0.646	3.599
0	-11.898	0.653	3.601
0	-11.909	0.660	3.604
0	-11.924	0.669	3.606
0	-11.937	0.677	3.609
0	-11.950	0.684	3.611
0	-11.966	0.693	3.613
0	-11.978	0.699	3.614
0	-11.990	0.705	3.616
0	-12.003	0.712	3.618
0	-12.018	0.719	3.621
0	-12.033	0.727	3.623
0	-12.045	0.733	3.625
0	-12.059	0.740	3.627
0	-12.073	0.748	3.630
0	-12.085	0.754	3.632
0	-12.098	0.761	3.634
0	-12.110	0.768	3.636
0	-12.121	0.774	3.638
0	-12.135	0.782	3.640
0	-12.148	0.790	3.642
0	-12.163	0.799	3.645
0	-12.178	0.808	3.648
0	-12.195	0.818	3.652
0	-12.210	0.827	3.655
0	-12.222	0.835	3.658
0	-12.237	0.844	3.662
0	-12.250	0.851	3.664
0	-12.262	0.858	3.666
0	-12.275	0.865	3.668
0	-12.289	0.872	3.670
0	-12.301	0.879	3.672
0	-12.313	0.885	3.674
0	-12.325	0.892	3.676
0	-12.338	0.900	3.678
0	-12.350	0.906	3.679
0	-12.362	0.913	3.680
0	-12.374	0.919	3.681
0	-12.388	0.927	3.682
0	-12.399	0.933	3.683
0	-12.416	0.943	3.684
0	-12.430	0.952	3.684
0	-12.447	0.962	3.685
0	-12.462	0.971	3.685
0	-12.478	0.980	3.686
0	-12.491	0.987	3.686
0	-12.502	0.994	3.687
0	-12.512	0.999	3.687
0	-12.526	1.007	3.688
0	-12.541	1.016	3.688
0	-12.554	1.023	3.688
0	-12.567	1.029	3.689
0	-12.581	1.037	3.689
0	-12.594	1.044	3.690
0	-12.610	1.052	3.691
0	-12.626	1.060	3.692
0	-12.637	1.065	3.693
0	-12.650	1.072	3.694
0	-12.662	1.077	3.695
0	-12.673	1.083	3.696
0	-12.686	1.089	3.697
0	-12.697	1.095	3.697
0	-12.708	1.100	3.698
0	-12.722	1.107	3.698
0	-12.735	1.113	3.699
0	-12.747	1.119	3.699
0	-12.759	1.126	3.699
0	-12.774	1.133	3.698
0	-12.791	1.142	3.698
0	-12.803	1.148	3.697
0	-12.816	1.154	3.696
0	-12.829	1.161	3.695
0	-12.843	1.168	3.694
0	-12.854	1.173	3.693
0	-12.865	1.178	3.693
0	-12.878	1.184	3.692
0	-12.893	1.190	3.690
0	-12.906	1.195	3.689
0	-12.918	1.200	3.688
0	-12.930	1.204	3.688
0	-12.942	1.209	3.687
0	-12.956	1.214	3.686
0	-12.971	1.219	3.685
0	-12.985	1.224	3.684
0	-13.001	1.230	3.682
0	-13.015	1.234	3.681
0	-13.028	1.239	3.680
0	-13.043	1.245	3.679
0	-13.058	1.250	3.677
0	-13.070	1.254	3.676
0	-13.081	1.258	3.675
0	-13.094	1.263	3.673
0	-13.107	1.267	3.671
0	-13.124	1.272	3.669
0	-13.143	1.278	3.666
0	-13.158	1.283	3.664
0	-13.173	1.288	3.661
0	-13.188	1.292	3.659
0	-13.200	1.296	3.657
0	-13.214	1.300	3.655
0	-13.231	1.305	3.653
0	-13.247	1.309	3.652
0	-13.263	1.313	3.650
0	-13.279	1.317	3.648
0	-13.296	1.321	3.645
0	-13.311	1.324	3.643
0	-13.327	1.327	3.640
0	-13.340	1.329	3.637
0	-13.353	1.332	3.635
0	-13.366	1.334	3.632
0	-13.381	1.336	3.629
0	-13.396	1.338	3.625
0	-13.409	1.340	3.622
0	-13.425	1.342	3.619
0	-13.438	1.344	3.616
0	-13.453	1.346	3.613
0	-13.467	1.348	3.610
0	-13.481	1.350	3.608
0	-13.496	1.352	3.605
0	-13.517	1.356	3.602
0	-13.537	1.359	3.598
0	-13.556	1.362	3.594
0	-13.572	1.364	3.592
0	-13.587	1.365	3.590
0	-13.602	1.366	3.587
0	-13.617	1.367	3.585
0	-13.630	1.368	3.584
0	-13.646	1.370	3.582
0	-13.663	1.371	3.580
0	-13.679	1.372	3.578
0	-13.696	1.372	3.577
0	-13.710	1.373	3.576
0	-13.722	1.373	3.575
0	-13.735	1.373	3.574
0	-13.748	1.373	3.574
0	-13.763	1.373	3.573
0	-13.777	1.373	3.572
0	-13.794	1.373	3.571
0	-13.812	1.374	3.570
0	-13.827	1.374	3.569
0	-13.845	1.375	3.568
0	-13.858	1.375	3.567
0	-13.874	1.375	3.566
0	-13.895	1.375	3.565
0	-13.911	1.375	3.564
0	-13.926	1.374	3.563
0	-13.943	1.374	3.562
0	-13.959	1.373	3.560
0	-13.974	1.373	3.558
0	-13.991	1.372	3.557
0	-14.007	1.371	3.555
0	-14.022	1.370	3.554
0	-14.037	1.369	3.553
0	-14.051	1.368	3.552
0	-14.065	1.366	3.551
0	-14.080	1.365	3.550
0	-14.097	1.362	3.550
0	-14.115	1.360	3.549
0	-14.132	1.357	3.548
0	-14.146	1.355	3.547
0	-14.162	1.353	3.546
0	-14.174	1.351	3.545
0	-14.186	1.349	3.544
0	-14.198	1.347	3.543
0	-14.213	1.345	3.542
0	-14.230	1.342	3.541
0	-14.246	1.339	3.539
0	-14.262	1.336	3.538
0	-14.278	1.334	3.537
0	-14.298	1.332	3.535
0	-14.314	1.330	3.533
0	-14.330	1.328	3.532
0	-14.345	1.327	3.531
0	-14.359	1.325	3.530
0	-14.375	1.324	3.529
0	-14.394	1.322	3.528
0	-14.410	1.320	3.527
0	-14.427	1.318	3.525
0	-14.442	1.316	3.524
0	-14.457	1.314	3.523
0	-14.474	1.312	3.522
0	-14.489	1.310	3.521
0	-14.506	1.307	3.520
0	-14.525	1.305	3.518
0	-14.539	1.303	3.517
0	-14.553	1.301	3.516
0	-14.569	1.298	3.515
0	-14.585	1.295	3.513
0	-14.601	1.292	3.511
0	-14.617	1.289	3.510
0	-14.633	1.286	3.509
0	-14.649	1.283	3.507
0	-14.667	1.280	3.504
0	-14.683	1.277	3.502
0	-14.699	1.274	3.500
0	-14.718	1.271	3.498
0	-14.744	1.267	3.495
0	-14.762	1.264	3.493
0	-14.780	1.262	3.491
0	-14.798	1.260	3.489
0	-14.815	1.258	3.487
0	-14.834	1.256	3.484
0	-14.850	1.255	3.482
0	-14.866	1.253	3.480
0	-14.881	1.252	3.477
0	-14.896	1.251	3.475
0	-14.910	1.250	3.474
0	-14.931	1.247	3.471
0	-14.951	1.244	3.469
0	-14.971	1.241	3.467
0	-14.990	1.237	3.465
0	-15.007	1.233	3.463
0	-15.022	1.230	3.462
0	-15.039	1.225	3.461
0	-15.057	1.221	3.460
0	-15.074	1.217	3.459
0	-15.090	1.213	3.459
0	-15.106	1.209	3.458
0	-15.122	1.205	3.457
0	-15.137	1.202	3.456
0	-15.153	1.198	3.456
0	-15.169	1.194	3.455
0	-15.185	1.191	3.454
0	-15.199	1.188	3.453
0	-15.215	1.185	3.452
0	-15.230	1.182	3.450
0	-15.246	1.178	3.449
0	-15.261	1.175	3.448
0	-15.280	1.171	3.447
0	-15.298	1.167	3.446
0	-15.315	1.163	3.446
0	-15.332	1.160	3.446
0	-15.347	1.156	3.446
0	-15.363	1.153	3.445
0	-15.381	1.149	3.445
0	-15.397	1.146	3.445
0	-15.412	1.143	3.444
0	-15.427	1.140	3.444
0	-15.443	1.137	3.443
0	-15.459	1.134	3.443
0	-15.475	1.131	3.443
0	-15.494	1.129	3.443
0	-15.513	1.126	3.443
0	-15.531	1.124	3.443
0	-15.548	1.121	3.442
0	-15.563	1.119	3.442
0	-15.576	1.118	3.441
0	-15.591	1.115	3.441
0	-15.607	1.113	3.440
0	-15.623	1.111	3.439
0	-15.638	1.109	3.439
0	-15.655	1.106	3.437
0	-15.674	1.104	3.436
0	-15.691	1.102	3.435
0	-15.706	1.100	3.434
0	-15.722	1.099	3.433
0	-15.743	1.097	3.431
0	-15.760	1.095	3.429
0	-15.777	1.093	3.427
0	-15.794	1.092	3.425
0	-15.811	1.090	3.423
0	-15.826	1.090	3.420
0	-15.841	1.089	3.417
0	-15.858	1.088	3.414
0	-15.876	1.088	3.410
0	-15.892	1.087	3.407
0	-15.908	1.087	3.403
0	-15.922	1.086	3.400
0	-15.935	1.086	3.396
0	-15.947	1.085	3.393
0	-15.962	1.085	3.390
0	-15.977	1.084	3.386
0	-15.993	1.082	3.382
0	-16.009	1.081	3.378
0	-16.027	1.079	3.375
0	-16.042	1.077	3.372
0	-16.055	1.076	3.370
0	-16.068	1.074	3.368
0	-16.082	1.073	3.365
0	-16.098	1.071	3.363
0	-16.117	1.069	3.360
0	-16.137	1.067	3.357
0	-16.154	1.064	3.354
0	-16.171	1.062	3.351
0	-16.186	1.060	3.349
0	-16.204	1.057	3.345
0	-16.223	1.055	3.342
0	-16.239	1.053	3.338
0	-16.256	1.051	3.335
0	-16.271	1.049	3.332
0	-16.287	1.046	3.329
0	-16.308	1.043	3.324
0	-16.328	1.039	3.320
0	-16.347	1.036	3.316
0	-16.365	1.033	3.313
0	-16.383	1.031	3.309
0	-16.400	1.028	3.305
0	-16.418	1.026	3.302
0	-16.436	1.024	3.298
0	-16.452	1.022	3.295
0	-16.467	1.020	3.292
0	-16.482	1.018	3.289
0	-16.498	1.016	3.286
0	-16.516	1.014	3.282
0	-16.534	1.011	3.279
0	-16.553	1.009	3.276
0	-16.571	1.007	3.272
0	-16.586	1.005	3.270
0	-16.605	1.003	3.266
0	-16.630	1.000	3.262
0	-16.654	0.996	3.258
0	-16.672	0.994	3.254
0	-16.691	0.991	3.250
0	-16.712	0.988	3.246
0	-16.733	0.985	3.241
0	-16.746	0.984	3.238
0	-16.761	0.982	3.235
0	-16.774	0.980	3.232
0	-16.790	0.978	3.228
0	-16.802	0.977	3.225
0	-16.815	0.976	3.222
0	-16.829	0.975	3.219
0	-16.849	0.974	3.214
0	-16.873	0.974	3.207
0	-16.896	0.974	3.200
0	-16.924	0.973	3.192
0	-16.942	0.973	3.186
0	-16.958	0.973	3.181
0	-16.972	0.973	3.177
0	-16.987	0.972	3.172
0	-17.002	0.972	3.168
0	-17.018	0.972	3.163
0	-17.033	0.972	3.159
0	-17.047	0.972	3.156
0	-17.061	0.972	3.153
0	-17.077	0.973	3.149
0	-17.095	0.973	3.144
0	-17.111	0.972	3.141
0	-17.127	0.972	3.137
0	-17.143	0.972	3.134
0	-17.159	0.971	3.130
0	-17.177	0.971	3.126
0	-17.194	0.970	3.123
0	-17.213	0.969	3.118
0	-17.229	0.968	3.115
0	-17.246	0.967	3.112
0	-17.262	0.966	3.109
0	-17.280	0.964	3.106
0	-17.295	0.962	3.104
0	-17.311	0.961	3.102
0	-17.325	0.959	3.100
0	-17.339	0.958	3.098
0	-17.354	0.956	3.096
0	-17.370	0.955	3.094
0	-17.386	0.953	3.092
0	-17.402	0.952	3.091
0	-17.419	0.950	3.089
0	-17.435	0.948	3.087
0	-17.451	0.946	3.086
0	-17.470	0.943	3.083
0	-17.489	0.940	3.080
0	-17.507	0.937	3.077
0	-17.523	0.934	3.075
0	-17.538	0.932	3.073
0	-17.555	0.929	3.071
0	-17.573	0.926	3.068
0	-17.592	0.922	3.066
0	-17.610	0.919	3.063
0	-17.629	0.916	3.061
0	-17.650	0.912	3.058
0	-17.673	0.907	3.054
0	-17.691	0.903	3.052
0	-17.706	0.900	3.049
0	-17.720	0.897	3.047
0	-17.734	0.893	3.045
0	-17.750	0.890	3.042
0	-17.767	0.887	3.040
0	-17.782	0.884	3.037
0	-17.800	0.880	3.034
0	-17.816	0.877	3.031
0	-17.834	0.873	3.028
0	-17.846	0.870	3.027
0	-17.858	0.868	3.025
0	-17.871	0.865	3.023
0	-17.884	0.863	3.021
0	-17.898	0.860	3.019
0	-17.914	0.857	3.016
0	-17.934	0.854	3.013
0	-17.949	0.851	3.010
0	-17.965	0.849	3.006
0	-17.980	0.846	3.003
0	-17.994	0.844	2.999
0	-18.009	0.842	2.996
0	-18.026	0.839	2.991
0	-18.046	0.836	2.986
0	-18.064	0.832	2.982
0	-18.082	0.829	2.978
0	-18.101	0.826	2.974
0	-18.119	0.824	2.969
0	-18.138	0.821	2.965
0	-18.155	0.818	2.961
0	-18.174	0.815	2.956
0	-18.189	0.813	2.952
0	-18.204	0.811	2.948
0	-18.220	0.809	2.944
0	-18.235	0.807	2.940
0	-18.250	0.805	2.936
0	-18.266	0.803	2.932
0	-18.282	0.801	2.928
0	-18.298	0.799	2.923
0	-18.314	0.797	2.919
0	-18.331	0.795	2.915
0	-18.345	0.793	2.911
0	-18.360	0.791	2.907
0	-18.374	0.790	2.903
0	-18.389	0.788	2.899
0	-18.408	0.786	2.893
0	-18.426	0.784	2.888
0	-18.446	0.782	2.882
0	-18.465	0.780	2.878
0	-18.483	0.778	2.874
0	-18.497	0.776	2.870
0	-18.512	0.774	2.867
0	-18.526	0.773	2.864
0	-18.538	0.772	2.862
0	-18.552	0.770	2.859
0	-18.566	0.768	2.857
0	-18.587	0.766	2.854
0	-18.602	0.763	2.851
0	-18.618	0.761	2.848
0	-18.635	0.758	2.845
0	-18.652	0.754	2.842
0	-18.668	0.751	2.839
0	-18.683	0.748	2.836
0	-18.698	0.745	2.833
0	-18.714	0.742	2.830
0	-18.729	0.739	2.827
0	-18.745	0.736	2.824
0	-18.759	0.733	2.821
0	-18.773	0.729	2.819
0	-18.791	0.725	2.815
0	-18.810	0.720	2.812
0	-18.827	0.715	2.809
0	-18.844	0.711	2.805
0	-18.862	0.706	2.802
0	-18.880	0.701	2.798
0	-18.899	0.696	2.795
0	-18.914	0.692	2.791
0	-18.929	0.687	2.787
0	-18.943	0.682	2.784
0	-18.957	0.677	2.780
0	-18.969	0.673	2.777
0	-18.984	0.667	2.773
0	-19.000	0.662	2.769
0	-19.016	0.656	2.766
0	-19.036	0.649	2.761
0	-19.054	0.642	2.757
0	-19.070	0.636	2.754
0	-19.088	0.629	2.750
0	-19.104	0.624	2.747
0	-19.119	0.619	2.744
0	-19.135	0.613	2.741
0	-19.152	0.608	2.737
0	-19.168	0.603	2.734
0	-19.185	0.597	2.730
0	-19.200	0.593	2.725
0	-19.216	0.588	2.721
0	-19.232	0.584	2.717
0	-19.248	0.579	2.713
0	-19.263	0.574	2.709
0	-19.281	0.569	2.705
0	-19.298	0.564	2.701
0	-19.316	0.559	2.697
0	-19.333	0.554	2.693
0	-19.348	0.550	2.689
0	-19.362	0.546	2.686
0	-19.379	0.541	2.682
0	-19.400	0.534	2.678
0	-19.416	0.530	2.674
0	-19.432	0.525	2.671
0	-19.449	0.519	2.667
0	-19.463	0.515	2.664
0	-19.475	0.512	2.661
0	-19.487	0.508	2.659
0	-19.500	0.505	2.656
0	-19.513	0.501	2.654
0	-19.529	0.497	2.651
0	-19.542	0.493	2.649
0	-19.556	0.489	2.647
0	-19.574	0.484	2.644
0	-19.592	0.479	2.640
0	-19.606	0.476	2.638
0	-19.623	0.471	2.635
0	-19.640	0.466	2.632
0	-19.657	0.461	2.629
0	-19.671	0.457	2.627
0	-19.685	0.452	2.624
0	-19.704	0.447	2.621
0	-19.723	0.441	2.616
0	-19.745	0.433	2.612
0	-19.762	0.428	2.608
0	-19.777	0.423	2.604
0	-19.792	0.418	2.600
0	-19.809	0.412	2.596
0	-19.822	0.409	2.594
0	-19.827	0.407	2.593
0	-19.834	0.405	2.591
