1.602148087601949378e+00 7.111737051674521600e+19 2.011011939550211604e+20 -5.791041988611980657e+20 1.782657848253238628e-09 2.236627463134612322e-09 -4.514421734428628077e-09 0.000000000000000000e+00 0.000000000000000000e+00
1.602150251810447346e+00 -2.892648844070007276e+20 4.886756869347860808e+20 2.416180240626383258e+20 -2.456821269629965584e-09 3.432170241664712131e-09 3.277909219321416744e-09 0.000000000000000000e+00 0.000000000000000000e+00
1.602151644506810912e+00 -1.219121028387677962e+20 5.177048314003781714e+20 3.130328567031169024e+20 3.409833633264351490e-10 4.759113998636841663e-09 2.407294355919162197e-09 0.000000000000000000e+00 0.000000000000000000e+00
1.602125555989555528e+00 -2.897714677058153267e+19 2.986637386918989005e+20 5.393029296900383048e+20 -1.089351578334225310e-09 2.254100117188205909e-09 4.721431721898985530e-09 0.000000000000000000e+00 0.000000000000000000e+00
1.602148242456808536e+00 2.642563984157501030e+19 1.756325543871018435e+20 -5.910293635731326239e+20 7.669478960345824557e-10 2.486544456371231023e-09 -4.667897612555911458e-09 0.000000000000000000e+00 0.000000000000000000e+00
1.602151077799234935e+00 -2.075660318034478694e+20 -4.114026984070279332e+20 -4.105532809876255539e+20 -9.987311216726782596e-10 -3.870712411072058694e-09 -3.546914602138082722e-09 0.000000000000000000e+00 0.000000000000000000e+00
1.602141642395301657e+00 5.738374394257485332e+20 -1.652120840416623329e+20 -1.558270406866123489e+20 5.134174909282714486e-09 2.051052037281319960e-10 1.469123914934007899e-09 0.000000000000000000e+00 0.000000000000000000e+00
1.602143676844336229e+00 2.163054240961135247e+20 -2.048330086030518845e+20 -5.405088587610631700e+20 2.406516191729574963e-09 -1.432537619044008386e-09 -4.551563856880518045e-09 0.000000000000000000e+00 0.000000000000000000e+00
1.602141090010507973e+00 5.958861597968489513e+20 1.420708248388186767e+20 7.486122480614988186e+19 5.184385634640950899e-09 1.219174720224379125e-09 -4.425879801312580185e-10 0.000000000000000000e+00 0.000000000000000000e+00
1.602143413673257299e+00 1.507823049691001651e+20 5.942912409268588380e+20 -7.036637775035365786e+19 3.223646797679041570e-10 5.256889221586937185e-09 9.063140166563260313e-10 0.000000000000000000e+00 0.000000000000000000e+00
1.602147655350152133e+00 1.591751962217327165e+20 3.920103126805394227e+20 4.492937385383608320e+20 2.554081711332511350e-09 3.542714779068777701e-09 3.079967240762984959e-09 0.000000000000000000e+00 0.000000000000000000e+00
1.602148041430089265e+00 3.741632727078789120e+18 4.067588871707821998e+20 4.641178296321644954e+20 7.448900062640593833e-10 4.137523605058117533e-09 3.299456115646373262e-09 0.000000000000000000e+00 0.000000000000000000e+00
1.602137845857291687e+00 -5.111058478379955651e+20 -2.747092998444956713e+20 -2.101815765270740337e+20 -2.692244045720652910e-09 -1.065210883882407440e-09 -4.491899112459833034e-09 0.000000000000000000e+00 0.000000000000000000e+00
1.602146064663706682e+00 2.181560630865530388e+20 1.900751983538415534e+20 -5.451165348380808970e+20 2.505328209261077656e-09 2.482734382799355628e-09 -4.014930065947115691e-09 0.000000000000000000e+00 0.000000000000000000e+00
1.602147126969867497e+00 -5.607056709688505958e+19 1.734335932837507891e+20 -5.896079276700015002e+20 -4.744340090441196596e-10 1.916703629680483753e-09 -4.966034668332094916e-09 0.000000000000000000e+00 0.000000000000000000e+00
1.602145723060508731e+00 1.808832058788331520e+20 5.551391899036321710e+20 -1.999067625511692534e+20 1.985341036354217345e-09 4.712921818836099117e-09 -1.551476588924091979e-09 0.000000000000000000e+00 0.000000000000000000e+00
1.602154568148002500e+00 -3.278990618456362844e+20 3.582437832311867310e+20 -3.807950408496214180e+20 -1.531966587127722798e-09 3.789722430824014050e-09 -3.442628113971383238e-09 0.000000000000000000e+00 0.000000000000000000e+00
1.602145569702114747e+00 3.262656838371405988e+20 4.254655489817249382e+19 5.221215001963338793e+20 3.974556796085688064e-09 1.105751565082104577e-09 3.397130699643868605e-09 0.000000000000000000e+00 0.000000000000000000e+00
1.602133225856094079e+00 3.145883127787180524e+20 -1.275204294313009316e+20 5.153956064385160970e+20 2.477054009482955164e-09 1.702197050688538179e-09 4.418888297561948532e-09 0.000000000000000000e+00 0.000000000000000000e+00
1.602148519331089593e+00 7.086129326287894938e+19 2.437211076795645952e+20 -5.625328085938808422e+20 1.691985810887748239e-09 2.910554086485550975e-09 -4.150451701530211339e-09 0.000000000000000000e+00 0.000000000000000000e+00
1.602142310651293977e+00 4.910883535773081272e+20 9.072107669671183360e+18 3.736485148883575767e+20 4.488599844703337072e-09 9.956515269186369935e-10 2.724209705067537099e-09 0.000000000000000000e+00 0.000000000000000000e+00
1.602145623160166732e+00 2.745315164614919782e+19 1.850146995304679014e+20 -5.881153398609908859e+20 3.736569111601785747e-10 2.788160351054851038e-09 -4.543878246049180346e-09 0.000000000000000000e+00 0.000000000000000000e+00
1.602147981228656093e+00 9.550554005773575782e+19 -2.938003691187339264e+20 5.342500186839148134e+20 2.116219177691672291e-09 -2.070733989601432672e-09 4.449050275380473035e-09 0.000000000000000000e+00 0.000000000000000000e+00
1.602143719812434863e+00 -9.251198664866696397e+19 3.972320908882880102e+20 -4.631509403355704197e+20 -9.947411054932871735e-10 3.946647079081248874e-09 -3.463334556815983214e-09 0.000000000000000000e+00 0.000000000000000000e+00
1.602149881116395447e+00 -1.958319062659520594e+20 3.686603186687709020e+20 4.545553788901265244e+20 -8.857393115222840674e-10 3.865471522097030693e-09 3.582462105374455381e-09 0.000000000000000000e+00 0.000000000000000000e+00
1.602149962484703538e+00 -6.903021061119063654e+19 5.589271504403136512e+20 -2.523907784192093716e+20 3.024147390817851773e-10 5.260231380850826487e-09 -8.938417080538950204e-10 0.000000000000000000e+00 0.000000000000000000e+00
1.602141406889150410e+00 4.584384780458995220e+20 4.057298927279235400e+20 7.797994838727308083e+19 3.132214389275139350e-09 4.317590308562398262e-09 -3.283043889265001560e-10 0.000000000000000000e+00 0.000000000000000000e+00
1.602146955797396188e+00 1.697440742495616696e+20 5.331963158848517571e+20 -2.603031930030326415e+20 2.304066291063310591e-09 4.810671994428182233e-09 -3.302243869162399017e-10 0.000000000000000000e+00 0.000000000000000000e+00
1.602147647738663805e+00 1.140434533321399009e+20 9.903262039627053056e+18 -6.064325721349136056e+20 2.075685560305738740e-09 1.105991013729020751e-09 -4.798819923594581837e-09 0.000000000000000000e+00 0.000000000000000000e+00
1.602144836871493450e+00 -1.563324665891812352e+19 6.038819237577389507e+20 1.262629535047193231e+20 -3.389869322217455607e-10 4.416636708067596681e-09 2.989760385200741620e-09 0.000000000000000000e+00 0.000000000000000000e+00
1.602142337506993197e+00 3.422235547397764547e+20 4.873134742986017997e+20 1.620704060397646316e+20 2.255566543401320968e-09 4.807259757835323312e-09 -6.023646674301419454e-10 0.000000000000000000e+00 0.000000000000000000e+00
1.602144994616282681e+00 -7.943634621631576474e+19 4.118205847949420790e+20 -4.527214485429934490e+20 -2.862484670937683612e-10 3.402848688961961378e-09 -4.110832926707258248e-09 0.000000000000000000e+00 0.000000000000000000e+00
1.602146172257855827e+00 1.438024063655706296e+20 7.207352500712436736e+18 -6.001189698996060815e+20 2.202816965323584446e-09 8.179850798799369967e-10 -4.799875472184951738e-09 0.000000000000000000e+00 0.000000000000000000e+00
1.602144945067529358e+00 3.623907879608255775e+20 9.679625805601151386e+19 -4.900775440526690222e+20 3.878428903362117245e-09 1.563363933059577716e-09 -3.327753810608507172e-09 0.000000000000000000e+00 0.000000000000000000e+00
1.602148727740812628e+00 -9.492497414853053645e+19 2.397971593975066788e+20 5.606662669307688387e+20 -4.261774571898774429e-10 2.992130150980450699e-09 4.407485424396402829e-09 0.000000000000000000e+00 0.000000000000000000e+00
1.602147373619425608e+00 -7.478897620821904589e+19 6.106870399294018683e+20 4.822198841987488973e+19 8.552649096893751774e-11 5.292425840371446872e-09 -7.370641066078470208e-10 0.000000000000000000e+00 0.000000000000000000e+00
1.602138636290677320e+00 -5.867387281812076626e+20 1.050895223057377034e+20 1.598629881112416748e+20 -5.331984621347334871e-09 3.300590942753527119e-10 1.450483995553937939e-10 0.000000000000000000e+00 0.000000000000000000e+00
1.602155597157613354e+00 -4.038140756561829560e+20 -1.889441533487003075e+20 -4.267277645667740549e+20 -2.956600365887621230e-09 -2.064881414784850947e-09 -3.944036227548297791e-09 0.000000000000000000e+00 0.000000000000000000e+00
1.602066667256318189e+00 -2.759642731928100209e+20 3.944253633058881536e+20 3.861851744784864379e+20 -6.445811022131497500e-10 1.956416007493375525e-09 4.930965812480152310e-09 0.000000000000000000e+00 0.000000000000000000e+00
1.602150987398531345e+00 -1.537124602736265789e+20 1.813795203794018632e+20 5.695063117699165716e+20 -4.965483190082747265e-10 2.521598905718859286e-09 4.685665066991704763e-09 0.000000000000000000e+00 0.000000000000000000e+00
1.602145221993121593e+00 7.489482077306060800e+19 6.124571644280664228e+20 1.210619114365341286e+19 1.773714699330632956e-09 4.725808880167245388e-09 1.755260503815947689e-09 0.000000000000000000e+00 0.000000000000000000e+00
1.602152309280006293e+00 -2.260348230751212012e+20 -1.373432958101460582e+20 -5.575928789669838193e+20 -1.202382661378701837e-09 -1.082841670765156698e-09 -5.093354039800265867e-09 0.000000000000000000e+00 0.000000000000000000e+00
1.602148537710770260e+00 8.329037905291780096e+19 4.292146005480376238e+20 -4.355502685236519895e+20 2.224420462117689942e-09 4.244799785717975646e-09 -2.365167952493567989e-09 0.000000000000000000e+00 0.000000000000000000e+00
1.602149287574125891e+00 -9.826830601067090739e+19 5.688059743541888287e+20 -2.183177126702649180e+20 1.347531063180102291e-10 5.094001669636694191e-09 -1.610405657371000321e-09 0.000000000000000000e+00 0.000000000000000000e+00
1.602145531398531997e+00 3.050491163992736399e+20 2.759757415124779008e+20 4.600423230827593073e+20 3.587547805954786174e-09 2.896038809955622311e-09 2.702358937124165976e-09 0.000000000000000000e+00 0.000000000000000000e+00
1.602149210126285528e+00 1.678512555883521843e+19 -5.214655617775450194e+20 -3.296447852198005309e+20 1.884550302562631763e-09 -4.582255247002809061e-09 -2.002953329067727892e-09 0.000000000000000000e+00 0.000000000000000000e+00
1.602145735096950796e+00 3.221027955944267448e+20 2.502089847228498903e+20 4.631601047077655675e+20 3.717314753593760331e-09 2.442116454321097165e-09 2.962757057615609643e-09 0.000000000000000000e+00 0.000000000000000000e+00
1.602147209174297426e+00 2.359702716538137805e+19 5.344431759063941120e+20 -3.077084288615715963e+20 8.349836000875619846e-10 5.172074999229994782e-09 -1.054886856856874906e-09 0.000000000000000000e+00 0.000000000000000000e+00
1.602142241451021576e+00 4.510544317363558810e+19 5.437066754442632888e+20 2.884796519301737021e+20 1.264379551636472868e-10 4.588491207250844922e-09 2.736773367201825180e-09 0.000000000000000000e+00 0.000000000000000000e+00
1.602144680084631734e+00 -2.951548207947139584e+18 4.631500380278605742e+20 4.078498673441796915e+20 1.765121551634569770e-09 3.066588153741568368e-09 4.005076344543494469e-09 0.000000000000000000e+00 0.000000000000000000e+00
1.602150137369081850e+00 -3.812363057608431206e+19 3.370854376321536492e+20 -5.155514757159701709e+20 6.961941961691886992e-10 3.923342152329236878e-09 -3.561340770780902282e-09 0.000000000000000000e+00 0.000000000000000000e+00
1.602147272971705005e+00 1.796213745063732838e+20 4.405487806566335119e+20 3.931317531416252252e+20 2.677359483974740265e-09 3.645923167785538256e-09 2.845933311509977650e-09 0.000000000000000000e+00 0.000000000000000000e+00
1.602150406508663139e+00 -7.884921454761410560e+19 3.204290949066839818e+20 5.215053869796950016e+20 3.834506904966642900e-10 3.271506233847241394e-09 4.208404711294463375e-09 0.000000000000000000e+00 0.000000000000000000e+00
1.602145484788105811e+00 3.710780701185311539e+19 5.331167225618844221e+20 3.086776018375158661e+20 1.688567601483084589e-10 4.977961947715500281e-09 1.936921385524821525e-09 0.000000000000000000e+00 0.000000000000000000e+00
1.602146644918433394e+00 2.155918997606290555e+20 5.028387546888814592e+20 -2.855458363333638226e+20 2.500922264236331702e-09 4.538922409777390043e-09 -1.305333198817951942e-09 0.000000000000000000e+00 0.000000000000000000e+00
1.602153193859613634e+00 -4.285780548046085816e+20 1.182850032391292682e+20 4.280610589855972065e+20 -3.306094731950340390e-09 1.040523635221967302e-09 4.067874782813686833e-09 0.000000000000000000e+00 0.000000000000000000e+00
1.602144055189442806e+00 -3.237967302365478912e+20 5.026481500051547095e+20 1.528681799128747540e+20 -3.673925881589675080e-09 2.956870456711728275e-09 2.513845055300200341e-09 0.000000000000000000e+00 0.000000000000000000e+00
1.602134795875505224e+00 3.460242399676715500e+20 5.087424473606686638e+20 -4.802345869212452454e+19 4.864156176189959182e-09 2.162605851178438063e-09 4.722517892686027765e-10 0.000000000000000000e+00 0.000000000000000000e+00
1.602147717786516434e+00 9.326511943659082547e+19 5.688243624373817836e+20 2.204619891801918669e+20 2.848872491103233566e-09 4.501762608778259010e-09 4.223988255526912181e-10 0.000000000000000000e+00 0.000000000000000000e+00
1.602146784136978086e+00 1.731892220953779241e+20 2.375678240178277253e+20 -5.426136371790352876e+20 2.545802489168148883e-09 3.037342400086925637e-09 -3.585215386548957497e-09 0.000000000000000000e+00 0.000000000000000000e+00
1.602147402216211658e+00 1.998085100220667494e+19 6.124836808916210811e+20 7.316119612056037786e+19 7.799619336216542625e-10 5.256420924005397014e-09 -5.674936343848614841e-10 0.000000000000000000e+00 0.000000000000000000e+00
1.602150083071922193e+00 -1.761807979418978550e+20 -3.370402743865838797e+20 4.860414122635843994e+20 -2.380682475664610522e-10 -2.789087487082833128e-09 4.552445568231481486e-09 0.000000000000000000e+00 0.000000000000000000e+00
1.602147494394104310e+00 1.773366906955687854e+20 5.430156974519725588e+20 -2.335652715089687347e+20 2.559202701922522060e-09 4.626126625585158927e-09 -7.808891305383653636e-10 0.000000000000000000e+00 0.000000000000000000e+00
1.602154770006822604e+00 -5.617775545612377129e+20 -9.984093951808616960e+17 2.555236467229666836e+20 -4.729135194447456448e-09 2.844167584667405263e-10 2.472852740224591531e-09 0.000000000000000000e+00 0.000000000000000000e+00
1.602148204497483963e+00 -3.039246825480481669e+20 3.819502564632718213e+20 3.776307602335325880e+20 -2.361879540438606868e-09 3.332047498181762628e-09 3.446645279546020479e-09 0.000000000000000000e+00 0.000000000000000000e+00
1.602149481887076066e+00 -3.356103141442673459e+19 6.052217232926073160e+20 1.160402800877157745e+20 7.878021480297153087e-10 5.276753581840290981e-09 3.092961866558361614e-10 0.000000000000000000e+00 0.000000000000000000e+00
1.602147064333557358e+00 1.202426034820214456e+20 7.469205292661438874e+19 6.006961707231054397e+20 2.084081814679235099e-09 1.425418442051416506e-09 4.710108680453260126e-09 0.000000000000000000e+00 0.000000000000000000e+00
1.602145899644870308e+00 1.489675808373647933e+20 5.912675859453518807e+20 -9.530836266708842906e+19 1.954586130917498702e-09 4.775804113641162510e-09 1.389814781799818222e-09 0.000000000000000000e+00 0.000000000000000000e+00
1.602148615052688019e+00 1.046684235631942369e+20 3.527455094245336678e+20 4.954552230641588634e+20 2.196655511980916205e-09 3.353019298410114042e-09 3.534453276001343222e-09 0.000000000000000000e+00 0.000000000000000000e+00
1.602145121425471608e+00 -1.688162450708245709e+20 5.210408279738831995e+20 2.843900314612965704e+20 -1.683308706311025407e-09 4.721020733172860562e-09 1.854374367128401874e-09 0.000000000000000000e+00 0.000000000000000000e+00
1.602152367217943629e+00 -2.619418943841269842e+20 5.170909968945563566e+20 -2.118274500909051740e+20 -1.356731253704310735e-09 5.168622319242302434e-09 7.177196510698094067e-11 0.000000000000000000e+00 0.000000000000000000e+00
1.602148702058300955e+00 -1.627157417779938591e+20 5.038124288324386816e+19 5.931776501414132449e+20 -1.380961148089813019e-09 4.017441341554956561e-10 5.147032628046885632e-09 0.000000000000000000e+00 0.000000000000000000e+00
1.602146766458209193e+00 1.902167971845934285e+20 -1.608731350683744666e+20 -5.646373437736168325e+20 2.754539840131683011e-09 -7.109607320381722421e-10 -4.524088086399445550e-09 0.000000000000000000e+00 0.000000000000000000e+00
1.602142679028000449e+00 5.002063324127420088e+20 -3.604158191818548838e+20 2.756400643532272845e+19 4.606041104319761209e-09 -2.484953368362571270e-09 -1.081468576535350356e-09 0.000000000000000000e+00 0.000000000000000000e+00
1.602146154136333545e+00 2.368676285478061343e+20 -3.133167163212990382e+20 -4.760173571456272302e+20 3.249555118663469557e-09 -1.533208283232693501e-09 -3.956004293099585415e-09 0.000000000000000000e+00 0.000000000000000000e+00
1.602148484197892575e+00 -4.044632480517428838e+19 5.345347768811216568e+20 -3.057903606593400340e+20 1.791551123339695718e-10 5.181447201813596457e-09 -1.296494307465568137e-09 0.000000000000000000e+00 0.000000000000000000e+00
1.602147223470644644e+00 -3.404920592870151291e+20 1.272107982894696530e+20 -4.987452542137092669e+20 -2.795774704614826578e-09 1.306666473696742731e-09 -4.363096461012411898e-09 0.000000000000000000e+00 0.000000000000000000e+00
1.602147423590190689e+00 9.587584300656775987e+19 -2.161033556745078374e+20 -5.700875489452168315e+20 1.796706789722309123e-09 -1.477555204257726846e-09 -4.811343540578064112e-09 0.000000000000000000e+00 0.000000000000000000e+00
1.602149843377271843e+00 -1.148277289013253571e+20 -9.029061759740597043e+19 -5.996025393907440026e+20 -5.451590891174118566e-11 -2.102937669787245156e-10 -5.339779223367668767e-09 0.000000000000000000e+00 0.000000000000000000e+00
1.602140739825775873e+00 4.337550866629562860e+20 -3.718766642454773105e+20 2.333129908968754381e+20 4.368217818376728612e-09 -3.060637852499583089e-09 3.335896721778245995e-10 0.000000000000000000e+00 0.000000000000000000e+00
1.602153102265238660e+00 -2.307863637532836823e+20 4.321031101150419354e+20 3.753609799363349053e+20 -4.756059923989146611e-10 4.243611294198412428e-09 3.213427441050214880e-09 0.000000000000000000e+00 0.000000000000000000e+00
1.602146413464103469e+00 2.425055156420144660e+20 8.033355676483280896e+19 -5.617786330297135268e+20 2.930948919586541053e-09 1.584338629986314533e-09 -4.178483559622424689e-09 0.000000000000000000e+00 0.000000000000000000e+00
1.602149457152731271e+00 -3.029040182008216289e+20 5.361555011267858268e+20 4.061067226987132518e+19 -2.936242415547245623e-09 4.174401806679619656e-09 -1.585330839500414098e-09 0.000000000000000000e+00 0.000000000000000000e+00
1.602142399215090940e+00 2.528886441186902426e+19 6.074306095592599716e+20 -1.060500173741055345e+20 -1.284750684674120602e-09 4.319572343222128516e-09 -2.872434969416868055e-09 0.000000000000000000e+00 0.000000000000000000e+00
1.602125814094629730e+00 5.253623251285548073e+20 3.237923582727239762e+20 3.797004802555091968e+18 4.970858962517083158e-09 1.909415597893975467e-09 -4.519669848042738697e-10 0.000000000000000000e+00 0.000000000000000000e+00
1.602144450039302725e+00 2.608564728678030377e+20 5.408004401499893924e+20 -1.426758678065645486e+20 2.022706901367113846e-09 4.814855476354640873e-09 1.134049757999010594e-09 0.000000000000000000e+00 0.000000000000000000e+00
1.602150971976934901e+00 -1.065342543001640796e+20 9.337872443823620096e+19 6.006615635807982060e+20 5.245726043074860478e-10 1.317636958302516934e-09 5.152585202940670927e-09 0.000000000000000000e+00 0.000000000000000000e+00
1.602154597489320098e+00 -3.395682939267266642e+20 3.699678266587385037e+20 3.587346206315893883e+20 -1.309222524796833411e-09 3.879145664307827064e-09 3.434934118672086014e-09 0.000000000000000000e+00 0.000000000000000000e+00
1.602149182183000065e+00 7.012321195745759232e+19 -3.065329234387309691e+20 -5.310210398815934874e+20 2.210670435100048479e-09 -2.319076890015319612e-09 -4.277292676368669013e-09 0.000000000000000000e+00 0.000000000000000000e+00
1.602144136657467133e+00 4.425012666858300375e+20 -1.775346576424108687e+20 -3.918484806937365053e+20 4.933020478543463629e-09 -7.011725146893666980e-10 -1.932330254045948580e-09 0.000000000000000000e+00 0.000000000000000000e+00
1.602139424556108693e+00 5.674268788365312000e+20 -7.627323736709606605e+19 -2.303913927904909066e+20 5.296103672548228677e-09 7.150443952901748337e-10 -7.971960420701035055e-12 0.000000000000000000e+00 0.000000000000000000e+00
1.602140633660381175e+00 4.771792230561403372e+20 2.865695275853000868e+20 2.665536749042047058e+20 3.511185658473073240e-09 3.528300950600958088e-09 1.944936228000056843e-09 0.000000000000000000e+00 0.000000000000000000e+00
1.602150820284649724e+00 -6.078381109564009677e+19 4.287490614066646876e+20 -4.397101896394282107e+20 9.188924736895060079e-10 4.044382981773902560e-09 -3.370322737504212256e-09 0.000000000000000000e+00 0.000000000000000000e+00
1.602150681758603978e+00 -3.416097123542377431e+20 5.118950948445392077e+20 4.617920113037069517e+19 -2.372712600680379391e-09 4.481114055690205725e-09 1.688288847339032569e-09 0.000000000000000000e+00 0.000000000000000000e+00
1.602116390940705903e+00 1.792831108875200758e+20 1.024244263736341627e+20 5.815784474862985544e+20 -1.454826995032982363e-09 2.972519206046124219e-09 4.196052065450506341e-09 0.000000000000000000e+00 0.000000000000000000e+00
1.602146003429932630e+00 2.527308005402385449e+20 -2.028722445036187484e+20 5.251955188399317975e+20 3.179138324625736060e-09 -7.622486121814915218e-10 4.227571083859161481e-09 0.000000000000000000e+00 0.000000000000000000e+00
1.602149738410893143e+00 -4.345662355761124864e+18 -4.493111418438913884e+20 4.230515647877789778e+20 1.694286857428942352e-09 -3.402216763656350381e-09 3.756959808485345033e-09 0.000000000000000000e+00 0.000000000000000000e+00
1.602143839573083151e+00 4.645872598989362954e+20 1.272610394439350682e+20 -3.857891973823106908e+20 4.338720145292769215e-09 1.652983339964049700e-09 -2.646389452558655987e-09 0.000000000000000000e+00 0.000000000000000000e+00
1.602142395198579372e+00 2.687527322169959383e+20 5.117314829545167913e+20 -2.162683333876824146e+20 2.068980718393831482e-09 4.912866147862129607e-09 -3.784667231544738481e-10 0.000000000000000000e+00 0.000000000000000000e+00
1.602140187503765523e+00 3.892675823208074445e+19 5.908919515493578834e+20 1.737522298572104008e+20 1.345839026894031148e-10 2.497130645266118394e-09 4.722956601992744008e-09 0.000000000000000000e+00 0.000000000000000000e+00
