1.602146111654481508e+00 2.396553980944439050e+20 1.167684553403895644e+20 -5.565857557581886915e+20 3.167593412027721508e-09 2.039170868082501092e-09 -3.790572345739243946e-09 0.000000000000000000e+00 0.000000000000000000e+00
1.602153138435460145e+00 -4.478521168076617810e+20 4.238715045888038666e+20 -2.501657062398022861e+19 -2.601827295523845981e-09 3.226474595472256253e-09 3.373560655117145528e-09 0.000000000000000000e+00 0.000000000000000000e+00
1.602157514355049495e+00 -5.169183351514410516e+20 2.699862343297432289e+20 2.019106962282953114e+20 -3.659145181206905895e-09 2.688268438384475258e-09 2.818613212979212653e-09 0.000000000000000000e+00 0.000000000000000000e+00
1.602127012168294229e+00 3.162665369637956485e+20 -4.763932256017246454e+20 2.321471695441769595e+20 -3.366394719974696989e-10 -4.189747114714319116e-09 3.300350981422080539e-09 0.000000000000000000e+00 0.000000000000000000e+00
1.602147414953079441e+00 -1.380757200675159859e+19 -3.055335439707348992e+19 6.162284223993648251e+20 8.738789147332224764e-10 1.494681475574480251e-10 5.270137184423252798e-09 0.000000000000000000e+00 0.000000000000000000e+00
1.602152347784363329e+00 -1.905918937030758892e+20 1.374152848359554908e+20 5.706614935650484224e+20 -8.275117669423537439e-10 1.826817288907632758e-09 4.953633995803847602e-09 0.000000000000000000e+00 0.000000000000000000e+00
1.602152797935757711e+00 -2.060190625327979233e+20 5.579830960956270182e+20 1.645315364623865610e+20 -3.119064697813381169e-10 5.234159775313401340e-09 1.032874022123300348e-09 0.000000000000000000e+00 0.000000000000000000e+00
1.602144859939338639e+00 3.321776207563766989e+19 -3.572800046834307072e+18 -6.162452843751598981e+20 7.540845914094853862e-10 3.267567059983348494e-10 -5.280610421030315322e-09 0.000000000000000000e+00 0.000000000000000000e+00
1.602147284021973261e+00 5.861825182613545779e+19 6.080598266871652024e+20 8.771084236723078758e+19 1.517397100040498616e-09 5.075918475209026383e-09 -7.020712450869597401e-10 0.000000000000000000e+00 0.000000000000000000e+00
1.602149788774610784e+00 8.713702815058001920e+17 -1.419560876719645655e+20 -6.005942957297236705e+20 1.539757139350389157e-09 -6.292226218545964351e-10 -5.078746154741386529e-09 0.000000000000000000e+00 0.000000000000000000e+00
1.602151921135744894e+00 -2.389087774719861064e+20 3.361502364035100836e+20 4.591455363357493821e+20 -1.312005412063424502e-09 3.573890619784719031e-09 3.750527872343071489e-09 0.000000000000000000e+00 0.000000000000000000e+00
1.602144995706432651e+00 2.846939991524677714e+20 4.815432070438225838e+20 -2.606181468031622840e+20 3.049862907303442477e-09 4.384896410002664306e-09 -1.768742356907191286e-10 0.000000000000000000e+00 0.000000000000000000e+00
1.602154037582720125e+00 -4.163768714472401797e+20 2.552195859362218312e+20 3.772992455763055739e+20 -2.816824888934550287e-09 2.826782640607633444e-09 3.554628614863153194e-09 0.000000000000000000e+00 0.000000000000000000e+00
1.602152697583276719e+00 -2.203581060228114678e+20 2.050651562992720282e+20 -5.387543163821785088e+20 -8.661057259490727094e-10 2.341581573466061568e-09 -4.725187400878646440e-09 0.000000000000000000e+00 0.000000000000000000e+00
1.602149176363540928e+00 -8.641483477988838605e+19 6.110235907637157560e+20 -6.353015154393040896e+18 3.347731555412222954e-09 4.150883025696986286e-09 -3.511087668294678331e-10 0.000000000000000000e+00 0.000000000000000000e+00
1.602151367741299071e+00 -1.225170013081938493e+20 5.637482662889444475e+20 2.191668467196282143e+20 2.691627255497112711e-10 5.150205560960189408e-09 1.401223059232244073e-09 0.000000000000000000e+00 0.000000000000000000e+00
1.602149340678000744e+00 -1.035091063583819203e+20 5.390708643208483963e+20 -2.820616865112606638e+20 2.600763528482251303e-10 4.969134933104731463e-09 -1.949481467415510889e-09 0.000000000000000000e+00 0.000000000000000000e+00
1.602149375809657217e+00 -1.033317058878372577e+20 5.961819184361714483e+20 1.214775848219304100e+20 1.444314018340722291e-10 5.341319851667898730e-09 -9.931137592337925200e-11 0.000000000000000000e+00 0.000000000000000000e+00
1.602145592716282430e+00 -2.753476573104784671e+20 5.375810971109491999e+20 1.267941060363468964e+20 -3.333134887122850054e-09 3.873295070088182845e-09 1.564635160107341196e-09 0.000000000000000000e+00 0.000000000000000000e+00
1.602141621339549848e+00 5.898673321345521418e+20 2.358120969673826304e+19 1.799211795346101371e+20 5.336129915656865356e-09 2.494592659919150980e-10 -1.537272529151388489e-10 0.000000000000000000e+00 0.000000000000000000e+00
1.602139547788129725e+00 5.590944196734304256e+20 -1.825908677741424804e+20 -1.869095968414249779e+20 5.130146184616973992e-09 -2.996550401039254295e-10 1.466927920753661894e-09 0.000000000000000000e+00 0.000000000000000000e+00
1.602150403476447993e+00 -7.092877466870675046e+19 4.371541125111345971e+20 4.298138681899150868e+20 6.421626313163577673e-10 4.131287398123304732e-09 3.328745884733629106e-09 0.000000000000000000e+00 0.000000000000000000e+00
1.602154552573494373e+00 -4.802590641263119565e+20 3.730236559096842813e+20 -1.052298074702970716e+20 -4.099549559772782252e-09 3.152240026347463437e-09 1.348214272976792486e-09 0.000000000000000000e+00 0.000000000000000000e+00
1.602151899426383475e+00 -2.120919578938870661e+20 4.740793145969667604e+20 -3.333538201300983480e+20 -6.660351649910487446e-10 4.849976033260618312e-09 -2.143511265770960377e-09 0.000000000000000000e+00 0.000000000000000000e+00
1.602146383176129563e+00 2.526397083146817372e+20 5.937125278365825434e+19 -5.599288103400939192e+20 3.393733681388854322e-09 5.102722126621310385e-10 -4.096645970873622203e-09 0.000000000000000000e+00 0.000000000000000000e+00
1.602151203950840985e+00 -9.520313914567140966e+19 4.781511735253122253e+19 -6.078716577764809114e+20 1.661427909413429713e-11 9.727169226339792902e-10 -5.254905505266349817e-09 0.000000000000000000e+00 0.000000000000000000e+00
1.602151939659842483e+00 -1.631011751544112087e+20 5.837481797609773466e+20 -1.162870553685918679e+20 -3.444651777765840829e-11 5.341514261039653996e-09 1.659854862572463773e-10 0.000000000000000000e+00 0.000000000000000000e+00
1.602144505012549569e+00 2.050424283201469481e+20 5.819009489342270013e+20 -1.452201445055454413e+19 2.029561960820569179e-09 3.885219017228117486e-09 3.057155330684414097e-09 0.000000000000000000e+00 0.000000000000000000e+00
1.602147209110058146e+00 1.762040390806817014e+20 5.069144403958519562e+20 3.047289131294861558e+20 2.475722618253183035e-09 4.308558662757922407e-09 1.966586752624324510e-09 0.000000000000000000e+00 0.000000000000000000e+00
1.602145950631440607e+00 1.359479093089067500e+20 5.464633267165929144e+20 2.525148860914037555e+20 1.275222420986763701e-09 5.030870334840364029e-09 1.274539238938342791e-09 0.000000000000000000e+00 0.000000000000000000e+00
1.602153234186403541e+00 -3.527966208425637315e+20 2.658817874615526031e+20 -4.309451620045176832e+20 -2.983097433428642230e-09 2.983130067810664178e-09 -3.280643717274379066e-09 0.000000000000000000e+00 0.000000000000000000e+00
1.602145946919488972e+00 -2.300622337460583465e+20 3.090208784842578330e+20 4.822395535474520228e+20 -1.691161755432075767e-09 2.436803528512078588e-09 4.445476258918957372e-09 0.000000000000000000e+00 0.000000000000000000e+00
1.602146621631768575e+00 1.863938608110347264e+18 6.080428057611918377e+20 1.058622931071706563e+20 4.055422319983996885e-10 5.178574502037996450e-09 1.256274002097820484e-09 0.000000000000000000e+00 0.000000000000000000e+00
1.602152063645579272e+00 -2.830504872447874826e+20 -4.344280926166254879e+20 3.346961921927255163e+20 -1.104921756705188172e-09 -4.030506286526956248e-09 3.330868317927975906e-09 0.000000000000000000e+00 0.000000000000000000e+00
1.602147919001533527e+00 -5.993449799568671744e+18 -4.066192892738465300e+20 -4.642136367604145848e+20 1.697387482318248538e-09 -2.920578927538344256e-09 -4.141191067907072429e-09 0.000000000000000000e+00 0.000000000000000000e+00
1.602152048921130278e+00 -2.781608674156103270e+20 4.961661412653279478e+20 2.393783452337699226e+20 -1.687072056187297621e-09 4.927004621343134054e-09 1.199553908367299434e-09 0.000000000000000000e+00 0.000000000000000000e+00
1.602146561687470605e+00 1.908501798814370038e+20 4.508303216513288110e+20 -3.757636207607243735e+20 2.511139791164707288e-09 4.477236332245962999e-09 -1.486220838474858326e-09 0.000000000000000000e+00 0.000000000000000000e+00
1.602136112867831974e+00 4.607136005093383209e+20 -1.638659288381480141e+19 -4.102967696758936044e+20 2.938264661594697330e-09 2.780020370022809790e-10 -4.455251252855050984e-09 0.000000000000000000e+00 0.000000000000000000e+00
1.602151141508564969e+00 -1.137333614872047616e+20 -3.189076247250232934e+20 -5.159711401194223698e+20 3.429787001469906026e-10 -2.841393596647035957e-09 -4.513239626817044804e-09 0.000000000000000000e+00 0.000000000000000000e+00
1.602146981583839391e+00 -5.407728421767100826e+19 6.128230808050523177e+20 -4.879659827115904205e+19 7.360958994551179404e-10 5.204542008901900738e-09 9.650082284820023262e-10 0.000000000000000000e+00 0.000000000000000000e+00
1.602148839893550836e+00 2.029038859460089446e+19 6.166945775281976115e+20 -1.219854650201579315e+19 1.678587763036379686e-09 5.025042679702412051e-09 -7.012068305303329364e-10 0.000000000000000000e+00 0.000000000000000000e+00
1.602150120942537503e+00 -4.366785309936314614e+20 2.590208447943214367e+20 3.508430442697356083e+20 -3.125181538223537809e-09 3.324510396956736614e-09 2.782322496885092517e-09 0.000000000000000000e+00 0.000000000000000000e+00
1.602154665862737914e+00 -4.232909109578006528e+20 2.402334758838247752e+20 -3.794485828933660836e+20 -3.844500656893759115e-09 2.491268430939886925e-09 -2.752091176872099686e-09 0.000000000000000000e+00 0.000000000000000000e+00
1.602144928005908797e+00 -1.777640111480754995e+20 5.865322495515658158e+20 7.239888198628799283e+19 -2.139412160502601830e-09 4.895910229911279392e-09 -1.150694985619953915e-10 0.000000000000000000e+00 0.000000000000000000e+00
1.602148425550171673e+00 8.418674109093643878e+19 3.746161629407869665e+20 4.831682043383323034e+20 1.964806851382773624e-09 3.137629557404337590e-09 3.854244654282540217e-09 0.000000000000000000e+00 0.000000000000000000e+00
1.602151227271567668e+00 -2.701403435017897574e+20 5.507606196731516682e+20 -6.751682565605101568e+19 -1.953141874049887028e-09 4.972879636844153705e-09 1.272473334369637987e-10 0.000000000000000000e+00 0.000000000000000000e+00
1.602147767326697947e+00 -8.381998362642248499e+19 -8.241696211418413466e+19 6.058420027574896558e+20 -2.320102943953101935e-10 -6.238587632247306468e-10 5.302578151924347946e-09 0.000000000000000000e+00 0.000000000000000000e+00
1.602141193464219571e+00 -1.267859677521096376e+20 4.460097249262337393e+20 -4.072729174848398950e+20 -1.510858447923871389e-09 3.031592979177993724e-09 -4.133627943414380555e-09 0.000000000000000000e+00 0.000000000000000000e+00
1.602154599054355311e+00 -3.499098218461935043e+20 3.237832388818494423e+20 3.919167292341347942e+20 -1.932205157158568667e-09 3.391856720136102415e-09 3.649999778148813901e-09 0.000000000000000000e+00 0.000000000000000000e+00
1.602145826728719191e+00 1.227669591309438484e+20 -3.118844737311109284e+20 -5.181867032508776448e+20 2.505693703151522771e-09 -3.062525944777231370e-09 -3.592036790828054018e-09 0.000000000000000000e+00 0.000000000000000000e+00
0.000000000000000000e+00 0.000000000000000000e+00 0.000000000000000000e+00 0.000000000000000000e+00 0.000000000000000000e+00 0.000000000000000000e+00 0.000000000000000000e+00 0.000000000000000000e+00 0.000000000000000000e+00
0.000000000000000000e+00 0.000000000000000000e+00 0.000000000000000000e+00 0.000000000000000000e+00 0.000000000000000000e+00 0.000000000000000000e+00 0.000000000000000000e+00 0.000000000000000000e+00 0.000000000000000000e+00
0.000000000000000000e+00 0.000000000000000000e+00 0.000000000000000000e+00 0.000000000000000000e+00 0.000000000000000000e+00 0.000000000000000000e+00 0.000000000000000000e+00 0.000000000000000000e+00 0.000000000000000000e+00
0.000000000000000000e+00 0.000000000000000000e+00 0.000000000000000000e+00 0.000000000000000000e+00 0.000000000000000000e+00 0.000000000000000000e+00 0.000000000000000000e+00 0.000000000000000000e+00 0.000000000000000000e+00
0.000000000000000000e+00 0.000000000000000000e+00 0.000000000000000000e+00 0.000000000000000000e+00 0.000000000000000000e+00 0.000000000000000000e+00 0.000000000000000000e+00 0.000000000000000000e+00 0.000000000000000000e+00
0.000000000000000000e+00 0.000000000000000000e+00 0.000000000000000000e+00 0.000000000000000000e+00 0.000000000000000000e+00 0.000000000000000000e+00 0.000000000000000000e+00 0.000000000000000000e+00 0.000000000000000000e+00
0.000000000000000000e+00 0.000000000000000000e+00 0.000000000000000000e+00 0.000000000000000000e+00 0.000000000000000000e+00 0.000000000000000000e+00 0.000000000000000000e+00 0.000000000000000000e+00 0.000000000000000000e+00
0.000000000000000000e+00 0.000000000000000000e+00 0.000000000000000000e+00 0.000000000000000000e+00 0.000000000000000000e+00 0.000000000000000000e+00 0.000000000000000000e+00 0.000000000000000000e+00 0.000000000000000000e+00
0.000000000000000000e+00 0.000000000000000000e+00 0.000000000000000000e+00 0.000000000000000000e+00 0.000000000000000000e+00 0.000000000000000000e+00 0.000000000000000000e+00 0.000000000000000000e+00 0.000000000000000000e+00
0.000000000000000000e+00 0.000000000000000000e+00 0.000000000000000000e+00 0.000000000000000000e+00 0.000000000000000000e+00 0.000000000000000000e+00 0.000000000000000000e+00 0.000000000000000000e+00 0.000000000000000000e+00
0.000000000000000000e+00 0.000000000000000000e+00 0.000000000000000000e+00 0.000000000000000000e+00 0.000000000000000000e+00 0.000000000000000000e+00 0.000000000000000000e+00 0.000000000000000000e+00 0.000000000000000000e+00
0.000000000000000000e+00 0.000000000000000000e+00 0.000000000000000000e+00 0.000000000000000000e+00 0.000000000000000000e+00 0.000000000000000000e+00 0.000000000000000000e+00 0.000000000000000000e+00 0.000000000000000000e+00
0.000000000000000000e+00 0.000000000000000000e+00 0.000000000000000000e+00 0.000000000000000000e+00 0.000000000000000000e+00 0.000000000000000000e+00 0.000000000000000000e+00 0.000000000000000000e+00 0.000000000000000000e+00
0.000000000000000000e+00 0.000000000000000000e+00 0.000000000000000000e+00 0.000000000000000000e+00 0.000000000000000000e+00 0.000000000000000000e+00 0.000000000000000000e+00 0.000000000000000000e+00 0.000000000000000000e+00
0.000000000000000000e+00 0.000000000000000000e+00 0.000000000000000000e+00 0.000000000000000000e+00 0.000000000000000000e+00 0.000000000000000000e+00 0.000000000000000000e+00 0.000000000000000000e+00 0.000000000000000000e+00
0.000000000000000000e+00 0.000000000000000000e+00 0.000000000000000000e+00 0.000000000000000000e+00 0.000000000000000000e+00 0.000000000000000000e+00 0.000000000000000000e+00 0.000000000000000000e+00 0.000000000000000000e+00
0.000000000000000000e+00 0.000000000000000000e+00 0.000000000000000000e+00 0.000000000000000000e+00 0.000000000000000000e+00 0.000000000000000000e+00 0.000000000000000000e+00 0.000000000000000000e+00 0.000000000000000000e+00
0.000000000000000000e+00 0.000000000000000000e+00 0.000000000000000000e+00 0.000000000000000000e+00 0.000000000000000000e+00 0.000000000000000000e+00 0.000000000000000000e+00 0.000000000000000000e+00 0.000000000000000000e+00
0.000000000000000000e+00 0.000000000000000000e+00 0.000000000000000000e+00 0.000000000000000000e+00 0.000000000000000000e+00 0.000000000000000000e+00 0.000000000000000000e+00 0.000000000000000000e+00 0.000000000000000000e+00
0.000000000000000000e+00 0.000000000000000000e+00 0.000000000000000000e+00 0.000000000000000000e+00 0.000000000000000000e+00 0.000000000000000000e+00 0.000000000000000000e+00 0.000000000000000000e+00 0.000000000000000000e+00
0.000000000000000000e+00 0.000000000000000000e+00 0.000000000000000000e+00 0.000000000000000000e+00 0.000000000000000000e+00 0.000000000000000000e+00 0.000000000000000000e+00 0.000000000000000000e+00 0.000000000000000000e+00
0.000000000000000000e+00 0.000000000000000000e+00 0.000000000000000000e+00 0.000000000000000000e+00 0.000000000000000000e+00 0.000000000000000000e+00 0.000000000000000000e+00 0.000000000000000000e+00 0.000000000000000000e+00
0.000000000000000000e+00 0.000000000000000000e+00 0.000000000000000000e+00 0.000000000000000000e+00 0.000000000000000000e+00 0.000000000000000000e+00 0.000000000000000000e+00 0.000000000000000000e+00 0.000000000000000000e+00
0.000000000000000000e+00 0.000000000000000000e+00 0.000000000000000000e+00 0.000000000000000000e+00 0.000000000000000000e+00 0.000000000000000000e+00 0.000000000000000000e+00 0.000000000000000000e+00 0.000000000000000000e+00
0.000000000000000000e+00 0.000000000000000000e+00 0.000000000000000000e+00 0.000000000000000000e+00 0.000000000000000000e+00 0.000000000000000000e+00 0.000000000000000000e+00 0.000000000000000000e+00 0.000000000000000000e+00
0.000000000000000000e+00 0.000000000000000000e+00 0.000000000000000000e+00 0.000000000000000000e+00 0.000000000000000000e+00 0.000000000000000000e+00 0.000000000000000000e+00 0.000000000000000000e+00 0.000000000000000000e+00
0.000000000000000000e+00 0.000000000000000000e+00 0.000000000000000000e+00 0.000000000000000000e+00 0.000000000000000000e+00 0.000000000000000000e+00 0.000000000000000000e+00 0.000000000000000000e+00 0.000000000000000000e+00
0.000000000000000000e+00 0.000000000000000000e+00 0.000000000000000000e+00 0.000000000000000000e+00 0.000000000000000000e+00 0.000000000000000000e+00 0.000000000000000000e+00 0.000000000000000000e+00 0.000000000000000000e+00
0.000000000000000000e+00 0.000000000000000000e+00 0.000000000000000000e+00 0.000000000000000000e+00 0.000000000000000000e+00 0.000000000000000000e+00 0.000000000000000000e+00 0.000000000000000000e+00 0.000000000000000000e+00
0.000000000000000000e+00 0.000000000000000000e+00 0.000000000000000000e+00 0.000000000000000000e+00 0.000000000000000000e+00 0.000000000000000000e+00 0.000000000000000000e+00 0.000000000000000000e+00 0.000000000000000000e+00
0.000000000000000000e+00 0.000000000000000000e+00 0.000000000000000000e+00 0.000000000000000000e+00 0.000000000000000000e+00 0.000000000000000000e+00 0.000000000000000000e+00 0.000000000000000000e+00 0.000000000000000000e+00
0.000000000000000000e+00 0.000000000000000000e+00 0.000000000000000000e+00 0.000000000000000000e+00 0.000000000000000000e+00 0.000000000000000000e+00 0.000000000000000000e+00 0.000000000000000000e+00 0.000000000000000000e+00
0.000000000000000000e+00 0.000000000000000000e+00 0.000000000000000000e+00 0.000000000000000000e+00 0.000000000000000000e+00 0.000000000000000000e+00 0.000000000000000000e+00 0.000000000000000000e+00 0.000000000000000000e+00
0.000000000000000000e+00 0.000000000000000000e+00 0.000000000000000000e+00 0.000000000000000000e+00 0.000000000000000000e+00 0.000000000000000000e+00 0.000000000000000000e+00 0.000000000000000000e+00 0.000000000000000000e+00
0.000000000000000000e+00 0.000000000000000000e+00 0.000000000000000000e+00 0.000000000000000000e+00 0.000000000000000000e+00 0.000000000000000000e+00 0.000000000000000000e+00 0.000000000000000000e+00 0.000000000000000000e+00
0.000000000000000000e+00 0.000000000000000000e+00 0.000000000000000000e+00 0.000000000000000000e+00 0.000000000000000000e+00 0.000000000000000000e+00 0.000000000000000000e+00 0.000000000000000000e+00 0.000000000000000000e+00
0.000000000000000000e+00 0.000000000000000000e+00 0.000000000000000000e+00 0.000000000000000000e+00 0.000000000000000000e+00 0.000000000000000000e+00 0.000000000000000000e+00 0.000000000000000000e+00 0.000000000000000000e+00
0.000000000000000000e+00 0.000000000000000000e+00 0.000000000000000000e+00 0.000000000000000000e+00 0.000000000000000000e+00 0.000000000000000000e+00 0.000000000000000000e+00 0.000000000000000000e+00 0.000000000000000000e+00
0.000000000000000000e+00 0.000000000000000000e+00 0.000000000000000000e+00 0.000000000000000000e+00 0.000000000000000000e+00 0.000000000000000000e+00 0.000000000000000000e+00 0.000000000000000000e+00 0.000000000000000000e+00
0.000000000000000000e+00 0.000000000000000000e+00 0.000000000000000000e+00 0.000000000000000000e+00 0.000000000000000000e+00 0.000000000000000000e+00 0.000000000000000000e+00 0.000000000000000000e+00 0.000000000000000000e+00
0.000000000000000000e+00 0.000000000000000000e+00 0.000000000000000000e+00 0.000000000000000000e+00 0.000000000000000000e+00 0.000000000000000000e+00 0.000000000000000000e+00 0.000000000000000000e+00 0.000000000000000000e+00
0.000000000000000000e+00 0.000000000000000000e+00 0.000000000000000000e+00 0.000000000000000000e+00 0.000000000000000000e+00 0.000000000000000000e+00 0.000000000000000000e+00 0.000000000000000000e+00 0.000000000000000000e+00
0.000000000000000000e+00 0.000000000000000000e+00 0.000000000000000000e+00 0.000000000000000000e+00 0.000000000000000000e+00 0.000000000000000000e+00 0.000000000000000000e+00 0.000000000000000000e+00 0.000000000000000000e+00
0.000000000000000000e+00 0.000000000000000000e+00 0.000000000000000000e+00 0.000000000000000000e+00 0.000000000000000000e+00 0.000000000000000000e+00 0.000000000000000000e+00 0.000000000000000000e+00 0.000000000000000000e+00
0.000000000000000000e+00 0.000000000000000000e+00 0.000000000000000000e+00 0.000000000000000000e+00 0.000000000000000000e+00 0.000000000000000000e+00 0.000000000000000000e+00 0.000000000000000000e+00 0.000000000000000000e+00
0.000000000000000000e+00 0.000000000000000000e+00 0.000000000000000000e+00 0.000000000000000000e+00 0.000000000000000000e+00 0.000000000000000000e+00 0.000000000000000000e+00 0.000000000000000000e+00 0.000000000000000000e+00
0.000000000000000000e+00 0.000000000000000000e+00 0.000000000000000000e+00 0.000000000000000000e+00 0.000000000000000000e+00 0.000000000000000000e+00 0.000000000000000000e+00 0.000000000000000000e+00 0.000000000000000000e+00
0.000000000000000000e+00 0.000000000000000000e+00 0.000000000000000000e+00 0.000000000000000000e+00 0.000000000000000000e+00 0.000000000000000000e+00 0.000000000000000000e+00 0.000000000000000000e+00 0.000000000000000000e+00
0.000000000000000000e+00 0.000000000000000000e+00 0.000000000000000000e+00 0.000000000000000000e+00 0.000000000000000000e+00 0.000000000000000000e+00 0.000000000000000000e+00 0.000000000000000000e+00 0.000000000000000000e+00
0.000000000000000000e+00 0.000000000000000000e+00 0.000000000000000000e+00 0.000000000000000000e+00 0.000000000000000000e+00 0.000000000000000000e+00 0.000000000000000000e+00 0.000000000000000000e+00 0.000000000000000000e+00
